87 0.703056 0.465375 0.088333 0.051750
28 0.701111 0.527750 0.085556 0.051500
21 0.665556 0.595000 0.086667 0.043500
2 0.786389 0.670375 0.087222 0.053250
20 0.794722 0.758375 0.082778 0.055250
24 0.244167 0.754500 0.081667 0.052000
87 0.616111 0.465000 0.078889 0.045000
87 0.780000 0.465875 0.078889 0.047750
87 0.850278 0.467500 0.071667 0.049000
87 0.928889 0.471250 0.080000 0.043500
28 0.778333 0.530000 0.085556 0.051500
28 0.858056 0.530875 0.078333 0.051750
28 0.931944 0.531875 0.078333 0.051750
21 0.589167 0.595125 0.067222 0.043750
21 0.745833 0.594250 0.083889 0.047500
21 0.898056 0.596750 0.083889 0.047500
2 0.539167 0.666375 0.087222 0.053250
2 0.620833 0.665875 0.087222 0.053250
2 0.701389 0.666375 0.087222 0.053250
2 0.913889 0.670000 0.065556 0.052500
2 0.852500 0.669875 0.058333 0.052750
20 0.543333 0.745875 0.070000 0.060750
20 0.617222 0.745375 0.070000 0.060750
20 0.698056 0.743625 0.079444 0.061750
20 0.880833 0.752625 0.079444 0.061750
24 0.161944 0.753000 0.081667 0.052000
24 0.316389 0.752375 0.075000 0.052750
24 0.386944 0.750625 0.075000 0.052750
24 0.469167 0.752375 0.075000 0.052750
88 0.324722 0.266625 0.060556 0.040250
88 0.399722 0.266875 0.057222 0.040750
88 0.253611 0.265625 0.060556 0.040250
88 0.186944 0.263625 0.060556 0.040250
88 0.121667 0.262250 0.066667 0.040000
89 0.110000 0.328875 0.063333 0.035250
89 0.181111 0.329125 0.063333 0.035250
89 0.248889 0.331375 0.063333 0.035250
89 0.322222 0.330125 0.063333 0.035250
89 0.384722 0.335250 0.057222 0.033000
89 0.448056 0.335250 0.057222 0.033000
90 0.107222 0.396250 0.064444 0.033000
90 0.172222 0.396000 0.064444 0.033000
90 0.245556 0.395250 0.064444 0.033000
90 0.324444 0.397000 0.064444 0.033000
91 0.378611 0.400125 0.058333 0.031750
92 0.440000 0.397625 0.067778 0.040250
92 0.511944 0.402000 0.070556 0.037500
93 0.538611 0.465750 0.068333 0.039500
93 0.460833 0.466250 0.068333 0.039500
93 0.383611 0.462750 0.068333 0.039500
93 0.309444 0.465375 0.067778 0.033250
93 0.100000 0.459625 0.067778 0.033250
94 0.589722 0.528750 0.076111 0.040500
95 0.489722 0.528750 0.087222 0.044000
95 0.413333 0.525500 0.077778 0.045500
95 0.333889 0.522250 0.077778 0.045500
96 0.247222 0.523000 0.086667 0.046500
96 0.170556 0.521375 0.070000 0.044250
97 0.440556 0.593625 0.071111 0.042750
97 0.511667 0.593375 0.071111 0.042750
97 0.360000 0.592375 0.071111 0.042750
98 0.269444 0.589500 0.096667 0.042000
98 0.184167 0.590000 0.077222 0.044500
99 0.464167 0.665875 0.068333 0.044750
99 0.397500 0.665375 0.068333 0.044750
99 0.316944 0.664125 0.068333 0.044750
99 0.253611 0.665125 0.068333 0.044750
100 0.094722 0.665625 0.093889 0.047750
100 0.176944 0.663375 0.093889 0.047750
