30 0.763625 0.833889 0.051250 0.064444
30 0.764250 0.768889 0.046000 0.064444
30 0.763750 0.900000 0.046000 0.064444
12 0.717250 0.831944 0.042500 0.060556
12 0.719250 0.766389 0.042500 0.060556
12 0.717500 0.891389 0.042500 0.060556
42 0.667625 0.826944 0.053250 0.072778
42 0.666750 0.765278 0.055000 0.058333
42 0.669125 0.887500 0.053250 0.072778
11 0.616375 0.814722 0.053250 0.070556
11 0.614750 0.879444 0.048500 0.078889
11 0.615500 0.753611 0.046000 0.051667
43 0.561375 0.833333 0.048750 0.074444
43 0.565125 0.758889 0.050750 0.070000
31 0.508250 0.825000 0.051500 0.071111
31 0.510500 0.758889 0.051500 0.071111
31 0.505750 0.893889 0.051500 0.071111
44 0.455625 0.820556 0.048750 0.073333
44 0.454875 0.888889 0.048750 0.073333
44 0.457000 0.753611 0.047500 0.065000
38 0.406875 0.818611 0.046750 0.072778
38 0.401125 0.893056 0.046750 0.072778
38 0.357125 0.820833 0.046750 0.072778
38 0.352875 0.895278 0.046750 0.072778
38 0.357625 0.751389 0.046750 0.072778
38 0.407625 0.750278 0.046750 0.072778
45 0.303875 0.823056 0.049750 0.068333
45 0.299125 0.886944 0.049750 0.068333
45 0.304875 0.749167 0.049750 0.068333
6 0.251375 0.821389 0.051250 0.061667
6 0.255375 0.748611 0.051250 0.061667
8 0.197125 0.811944 0.054750 0.076111
8 0.198875 0.875278 0.057750 0.067222
8 0.200875 0.744722 0.057750 0.067222
7 0.136000 0.885833 0.061500 0.079444
7 0.138000 0.811944 0.057000 0.076111
7 0.144000 0.741389 0.053500 0.058333
46 0.151125 0.476111 0.055750 0.071111
46 0.165750 0.340000 0.064500 0.072222
46 0.178000 0.276389 0.088500 0.066111
46 0.175125 0.210000 0.088750 0.074444
47 0.263375 0.284167 0.082250 0.069444
47 0.263125 0.225000 0.078750 0.063333
47 0.263375 0.349167 0.079750 0.071667
48 0.342000 0.235000 0.070000 0.073333
48 0.341750 0.296389 0.073000 0.061667
48 0.341250 0.353611 0.073000 0.061667
49 0.418875 0.244167 0.074750 0.069444
49 0.419625 0.308056 0.074750 0.069444
49 0.420375 0.369722 0.074750 0.069444
50 0.208250 0.538333 0.061500 0.068889
50 0.210375 0.475000 0.058250 0.064444
50 0.206000 0.603056 0.066000 0.067222
33 0.270250 0.483056 0.059500 0.068333
33 0.267250 0.604722 0.054000 0.067222
33 0.271250 0.540833 0.059500 0.068333
51 0.330125 0.483056 0.059250 0.068333
51 0.327125 0.544722 0.059250 0.068333
51 0.321375 0.611667 0.059750 0.073333
52 0.381500 0.486667 0.047500 0.061111
52 0.381500 0.551389 0.048500 0.065000
53 0.434500 0.505000 0.052500 0.058889
54 0.487375 0.502222 0.053250 0.052222
54 0.482750 0.566667 0.052500 0.065556
54 0.480500 0.628333 0.052500 0.065556
55 0.537875 0.562500 0.056250 0.059444
55 0.538125 0.498611 0.050750 0.053889
55 0.531375 0.631111 0.045250 0.062222
56 0.592250 0.498333 0.058500 0.055556
56 0.592000 0.551667 0.058500 0.055556
56 0.586750 0.608333 0.058500 0.055556
56 0.582250 0.661667 0.058500 0.055556
57 0.642000 0.558056 0.044000 0.056111
57 0.640750 0.509167 0.044000 0.056111
57 0.643500 0.614722 0.044000 0.056111
58 0.690000 0.563889 0.055000 0.048889
58 0.689750 0.510000 0.055000 0.048889
58 0.692125 0.615000 0.055750 0.057778
59 0.742000 0.581111 0.044500 0.057778
59 0.742750 0.515556 0.048000 0.070000
59 0.742000 0.648333 0.048000 0.070000
60 0.789125 0.581667 0.045250 0.062222
60 0.788375 0.518333 0.045250 0.062222
60 0.790000 0.649722 0.049500 0.068333
61 0.831625 0.523611 0.041750 0.061667
61 0.834625 0.586389 0.045250 0.065000
62 0.880250 0.527500 0.052000 0.061667
62 0.886000 0.593056 0.052000 0.061667
63 0.484500 0.253333 0.059000 0.076667
63 0.485875 0.324722 0.054250 0.052778
64 0.545250 0.261667 0.055500 0.073333
64 0.548000 0.323333 0.054500 0.067778
65 0.598000 0.263056 0.048000 0.063889
65 0.599125 0.326389 0.049750 0.073889
65 0.594625 0.388611 0.049750 0.060556
66 0.646250 0.322778 0.045000 0.060000
66 0.647375 0.265556 0.045250 0.047778
66 0.645250 0.385000 0.045000 0.060000
67 0.691250 0.338056 0.045000 0.065000
67 0.690000 0.400833 0.045000 0.065000
67 0.691375 0.273333 0.043750 0.055556
68 0.737750 0.284167 0.034500 0.055000
69 0.773625 0.288889 0.036750 0.063333
70 0.815125 0.290278 0.043250 0.065000
71 0.859875 0.296389 0.038250 0.057222
71 0.898125 0.302500 0.038250 0.057222
72 0.939250 0.313889 0.051500 0.064444
8 0.332750 0.101111 0.065500 0.105556
8 0.397500 0.112778 0.060000 0.096667
6 0.463125 0.053056 0.062250 0.105000
51 0.268125 0.088333 0.058250 0.102222
73 0.508625 0.139167 0.049250 0.038333
73 0.515375 0.090556 0.048750 0.053333
73 0.514875 0.036111 0.048750 0.053333
