10 0.179250 0.875278 0.037500 0.131667
10 0.216000 0.872778 0.035000 0.132222
11 0.180750 0.681944 0.038000 0.133889
11 0.216125 0.691944 0.031750 0.133889
12 0.179375 0.508611 0.040250 0.139444
12 0.215750 0.510556 0.032000 0.136667
13 0.201125 0.303611 0.023750 0.220556
13 0.221875 0.306944 0.019250 0.218333
13 0.222250 0.094167 0.022000 0.187222
13 0.203125 0.091389 0.019750 0.181667
7 0.309625 0.063611 0.042750 0.125000
7 0.350750 0.081667 0.039000 0.123333
7 0.310750 0.211389 0.041000 0.128333
7 0.351375 0.220278 0.037750 0.126111
6 0.350875 0.376389 0.038750 0.152778
6 0.351250 0.536389 0.038000 0.145000
6 0.310000 0.371944 0.042500 0.145000
4 0.309000 0.528611 0.043500 0.143889
4 0.309375 0.692778 0.043250 0.143333
4 0.349750 0.695278 0.037500 0.147222
4 0.275625 0.858611 0.040250 0.149444
4 0.313750 0.847222 0.038500 0.148889
4 0.349750 0.857778 0.036500 0.143333
5 0.446125 0.098889 0.101750 0.158889
5 0.443375 0.622778 0.097250 0.116667
5 0.441750 0.850833 0.097500 0.140556
5 0.558250 0.857500 0.086500 0.116111
5 0.569750 0.111944 0.088500 0.115000
5 0.680500 0.130000 0.079500 0.120000
5 0.677000 0.243889 0.082000 0.112222
5 0.669375 0.798056 0.081250 0.129444
8 0.758125 0.584167 0.039750 0.197222
8 0.798750 0.579444 0.038000 0.194444
8 0.794875 0.775833 0.041250 0.186111
8 0.752500 0.782500 0.043500 0.189444
9 0.787375 0.133611 0.080750 0.066111
9 0.786000 0.215833 0.083000 0.105000
9 0.761500 0.375278 0.038500 0.201667
9 0.803000 0.377778 0.041500 0.200000
