2 0.616389 0.524750 0.087222 0.050500
44 0.453333 0.662625 0.092222 0.048250
73 0.421389 0.747750 0.090556 0.063000
74 0.859722 0.756750 0.077222 0.048500
2 0.391389 0.523625 0.088333 0.051750
2 0.309444 0.521500 0.081111 0.048000
2 0.338611 0.457250 0.079444 0.047500
2 0.416389 0.458125 0.076111 0.045250
2 0.493333 0.459000 0.075556 0.046500
2 0.702778 0.525375 0.081111 0.046750
2 0.644444 0.394250 0.086667 0.045500
2 0.482500 0.391875 0.085000 0.046750
2 0.395556 0.390500 0.085556 0.049000
44 0.448056 0.589000 0.085000 0.044000
44 0.534722 0.589125 0.081667 0.042750
44 0.272778 0.658125 0.095556 0.053250
44 0.362500 0.660625 0.088333 0.046750
44 0.703611 0.662125 0.073889 0.046250
73 0.520833 0.745375 0.091667 0.059750
73 0.719444 0.742000 0.100000 0.059000
73 0.617222 0.750250 0.100000 0.059000
73 0.326944 0.745500 0.096111 0.054000
74 0.944167 0.758500 0.076111 0.049000
44 0.702222 0.592250 0.080000 0.043000
75 0.221389 0.752875 0.083889 0.051750
75 0.136111 0.754125 0.085556 0.042250
75 0.056111 0.753875 0.091111 0.045750
76 0.798611 0.669000 0.091667 0.048000
76 0.877778 0.669000 0.084444 0.049000
77 0.878889 0.593250 0.087778 0.049500
77 0.963611 0.594625 0.072778 0.046750
78 0.938889 0.528750 0.087778 0.049000
79 0.794167 0.468375 0.067222 0.036250
80 0.943889 0.404500 0.070000 0.039000
80 0.865278 0.405875 0.063889 0.032750
80 0.800833 0.404500 0.065000 0.034000
81 0.816389 0.338000 0.072778 0.039500
82 0.955833 0.278500 0.066111 0.040500
62 0.656667 0.332000 0.082222 0.043500
62 0.574167 0.329375 0.079444 0.046250
62 0.496944 0.329125 0.086111 0.048750
62 0.409167 0.326750 0.083889 0.048000
62 0.241944 0.329875 0.075000 0.035250
62 0.146944 0.325000 0.078333 0.042500
62 0.065556 0.323125 0.082222 0.043250
62 0.741389 0.331625 0.081667 0.046750
82 0.822500 0.274250 0.068333 0.042000
62 0.746111 0.276375 0.082222 0.035750
62 0.671667 0.272875 0.066667 0.038250
62 0.599167 0.271875 0.078333 0.039250
62 0.517222 0.264250 0.086667 0.053500
62 0.356389 0.265500 0.085000 0.043500
62 0.279444 0.262750 0.078889 0.048500
44 0.357778 0.585250 0.084444 0.038000
62 0.123056 0.262375 0.086111 0.042250
66 0.084722 0.388750 0.070556 0.043000
66 0.246667 0.388625 0.075556 0.047250
66 0.165278 0.388625 0.079444 0.045750
65 0.266389 0.457375 0.070556 0.043250
65 0.114444 0.452250 0.084444 0.051500
65 0.194444 0.455625 0.074444 0.044750
65 0.034722 0.452125 0.068333 0.047250
83 0.224444 0.520000 0.086667 0.050000
83 0.142222 0.517500 0.087778 0.049500
83 0.061111 0.520250 0.085556 0.044500
84 0.175278 0.586375 0.080556 0.044750
84 0.263056 0.587375 0.080556 0.043250
68 0.087222 0.586875 0.083333 0.045750
85 0.072222 0.661250 0.066667 0.040500
62 0.039167 0.259750 0.077222 0.043500
86 0.952778 0.671625 0.064444 0.046750
62 0.327222 0.330000 0.082222 0.037000
66 0.320556 0.390125 0.075556 0.047250
2 0.714167 0.461625 0.079444 0.050250
2 0.563611 0.462250 0.069444 0.042500
2 0.465278 0.525875 0.095000 0.047750
2 0.538056 0.526500 0.073889 0.046000
