74 0.243125 0.857778 0.051250 0.080000
74 0.240875 0.936944 0.049750 0.083889
73 0.256875 0.721111 0.058250 0.096667
73 0.250125 0.615556 0.060250 0.097778
73 0.256000 0.516944 0.062000 0.097222
73 0.251625 0.421111 0.059250 0.087778
73 0.255125 0.328056 0.054250 0.089444
75 0.247625 0.218889 0.052250 0.085556
75 0.246625 0.138333 0.041250 0.081111
75 0.246000 0.053333 0.043500 0.080000
85 0.338375 0.071667 0.042750 0.066667
44 0.341375 0.268056 0.052750 0.095000
44 0.338500 0.360833 0.049000 0.100556
44 0.336750 0.455000 0.048500 0.084444
44 0.335750 0.698889 0.046000 0.078889
76 0.331000 0.800000 0.045000 0.083333
76 0.328875 0.877778 0.042750 0.076667
86 0.328750 0.949444 0.045500 0.066667
44 0.411125 0.357778 0.044250 0.087778
44 0.410625 0.446111 0.045250 0.083333
44 0.410125 0.534444 0.044250 0.078889
44 0.408000 0.700000 0.045000 0.091111
77 0.406000 0.882222 0.043000 0.077778
77 0.404500 0.961111 0.044500 0.077778
84 0.412875 0.263056 0.044250 0.086111
84 0.413500 0.173056 0.043500 0.085000
68 0.414000 0.085278 0.044000 0.088333
83 0.480375 0.060278 0.044750 0.085000
83 0.478875 0.143056 0.046750 0.085000
83 0.479125 0.228611 0.046750 0.085000
2 0.478875 0.310000 0.049750 0.080000
2 0.476250 0.390278 0.053500 0.080556
2 0.472750 0.468056 0.047500 0.075000
2 0.473375 0.538889 0.047750 0.073333
2 0.475000 0.620278 0.050500 0.087222
2 0.475250 0.698056 0.050000 0.080556
2 0.540500 0.337222 0.041500 0.073333
2 0.541500 0.416389 0.044500 0.071667
2 0.540125 0.492778 0.045250 0.076667
2 0.537875 0.566667 0.042250 0.065556
2 0.539375 0.709722 0.047250 0.071667
78 0.469125 0.939722 0.043750 0.078333
79 0.530875 0.793333 0.034250 0.068889
65 0.542375 0.263333 0.042750 0.073333
65 0.546875 0.033889 0.045750 0.066667
65 0.547500 0.113333 0.049000 0.081111
65 0.545125 0.192222 0.047250 0.072222
80 0.594250 0.803889 0.034000 0.054444
80 0.593625 0.866667 0.033750 0.063333
80 0.595625 0.949444 0.037250 0.065556
2 0.606375 0.644444 0.046750 0.084444
2 0.607250 0.481667 0.045000 0.081111
2 0.609750 0.398333 0.046500 0.077778
66 0.611625 0.082778 0.043750 0.075556
66 0.611125 0.161111 0.043750 0.075556
66 0.611625 0.248056 0.044750 0.078333
66 0.609875 0.324722 0.046250 0.073889
81 0.661375 0.820833 0.035750 0.071667
62 0.667750 0.740833 0.044000 0.081667
62 0.668125 0.654722 0.043750 0.078333
62 0.670750 0.574722 0.047000 0.078333
62 0.672250 0.491667 0.046500 0.078889
62 0.673125 0.409722 0.046250 0.080556
62 0.668625 0.328333 0.033750 0.074444
62 0.669500 0.239444 0.035000 0.076667
62 0.674625 0.148333 0.041250 0.085556
62 0.677375 0.064722 0.042750 0.079444
62 0.739375 0.040000 0.042750 0.078889
62 0.739000 0.123889 0.044500 0.081111
62 0.737000 0.277222 0.046000 0.074444
62 0.734375 0.357222 0.044250 0.075556
62 0.735750 0.518333 0.050500 0.090000
62 0.728375 0.602222 0.040750 0.072222
62 0.726625 0.676111 0.040750 0.072222
62 0.724125 0.750833 0.035250 0.075000
82 0.724375 0.824167 0.041750 0.067222
82 0.722125 0.890278 0.041250 0.066111
82 0.721125 0.954722 0.041250 0.066111
