62 0.260750 0.962778 0.045500 0.074444
62 0.264125 0.642500 0.050750 0.080556
62 0.262625 0.720556 0.047250 0.070000
62 0.263000 0.881944 0.042500 0.075000
62 0.274875 0.330556 0.044250 0.076667
62 0.276500 0.252222 0.035000 0.074444
62 0.264625 0.399167 0.050750 0.080556
62 0.260875 0.483611 0.050750 0.080556
62 0.331125 0.256389 0.050750 0.080556
62 0.327875 0.587500 0.050750 0.080556
62 0.326875 0.506944 0.050750 0.080556
62 0.329625 0.425833 0.050750 0.080556
62 0.330625 0.341389 0.050750 0.080556
62 0.319625 0.934167 0.050750 0.080556
62 0.321625 0.848056 0.050750 0.080556
62 0.326250 0.761111 0.039500 0.080000
62 0.326625 0.671389 0.044250 0.081667
82 0.274000 0.180556 0.040000 0.056667
82 0.280750 0.045000 0.040000 0.056667
81 0.338500 0.181944 0.036000 0.071667
80 0.403125 0.057778 0.038250 0.070000
80 0.403625 0.199444 0.038250 0.070000
80 0.402625 0.131111 0.038250 0.070000
2 0.394000 0.359167 0.046500 0.083889
2 0.389500 0.605278 0.046500 0.083889
2 0.391750 0.515278 0.046500 0.083889
2 0.462750 0.439722 0.046500 0.083889
2 0.460250 0.285833 0.046500 0.083889
2 0.459625 0.512222 0.048750 0.060000
2 0.458125 0.660000 0.045750 0.076667
2 0.461375 0.587778 0.049750 0.083333
2 0.519250 0.685833 0.046500 0.083889
2 0.522750 0.608056 0.046500 0.083889
2 0.525500 0.540833 0.046500 0.083889
2 0.524500 0.460833 0.046500 0.083889
2 0.523750 0.383056 0.046500 0.083889
2 0.523250 0.301389 0.046500 0.083889
44 0.591375 0.463611 0.047250 0.088333
44 0.591375 0.300833 0.047250 0.088333
44 0.585625 0.643056 0.047250 0.088333
44 0.588125 0.558056 0.047250 0.088333
44 0.656125 0.728056 0.051750 0.075000
44 0.661375 0.640833 0.047250 0.088333
44 0.662125 0.546944 0.047250 0.088333
44 0.661625 0.296944 0.047250 0.088333
74 0.756250 0.057500 0.046000 0.083889
74 0.755500 0.139722 0.046000 0.083889
73 0.743000 0.282222 0.058500 0.102222
73 0.745375 0.579444 0.063750 0.100000
73 0.746250 0.482778 0.058500 0.102222
73 0.748500 0.382778 0.058500 0.102222
73 0.743875 0.677222 0.052750 0.087778
66 0.389250 0.680000 0.045000 0.066667
66 0.388250 0.910556 0.045000 0.066667
66 0.386500 0.834167 0.044000 0.082778
66 0.386500 0.755000 0.045000 0.066667
65 0.457625 0.736667 0.041750 0.074444
65 0.453250 0.886111 0.049500 0.078889
65 0.454875 0.808333 0.041750 0.074444
83 0.519625 0.771389 0.047750 0.080556
83 0.518375 0.941944 0.047750 0.080556
83 0.518625 0.855833 0.047750 0.080556
84 0.588625 0.738889 0.045250 0.081111
84 0.586875 0.823889 0.045250 0.081111
68 0.586125 0.916667 0.044750 0.087778
85 0.661000 0.928333 0.043500 0.068889
75 0.753500 0.780000 0.052500 0.091111
75 0.753500 0.863056 0.043000 0.077222
75 0.755000 0.941667 0.044500 0.090000
79 0.469500 0.208889 0.035000 0.063333
78 0.532125 0.056944 0.043250 0.071667
77 0.596375 0.038611 0.040750 0.076111
77 0.595125 0.117778 0.040750 0.076667
76 0.667875 0.201389 0.047250 0.097222
76 0.670625 0.120278 0.049250 0.081667
86 0.672125 0.048056 0.043250 0.061667
