60 0.915833 0.837750 0.108333 0.061500
60 0.812222 0.836375 0.101111 0.057250
60 0.728056 0.838875 0.112778 0.062750
60 0.626111 0.835000 0.096667 0.054000
60 0.881944 0.733500 0.092778 0.051000
60 0.791667 0.732875 0.084444 0.047250
60 0.703333 0.733625 0.082222 0.051250
60 0.618611 0.737250 0.097222 0.054000
61 0.533333 0.835375 0.094444 0.056750
61 0.433611 0.838750 0.100556 0.060000
61 0.339167 0.835250 0.101667 0.050000
61 0.206944 0.840625 0.099444 0.054750
62 0.075278 0.832500 0.109444 0.045500
62 0.108056 0.760875 0.109444 0.062750
63 0.517222 0.738125 0.111111 0.054750
63 0.404167 0.738250 0.107222 0.054500
63 0.305000 0.738625 0.094444 0.054750
63 0.208056 0.738125 0.097222 0.053250
71 0.850556 0.656375 0.134444 0.063250
71 0.713333 0.655750 0.144444 0.061000
71 0.593889 0.655500 0.116667 0.060000
71 0.474444 0.658250 0.123333 0.062000
71 0.340556 0.658750 0.122222 0.064000
66 0.113611 0.670875 0.089444 0.050750
65 0.113889 0.592250 0.095556 0.057500
63 0.241944 0.577250 0.119444 0.062000
60 0.570556 0.480000 0.167778 0.092000
60 0.569444 0.479500 0.167778 0.092000
60 0.876944 0.477500 0.158333 0.090000
60 0.728889 0.479000 0.151111 0.092500
70 0.438611 0.468500 0.109444 0.070500
70 0.327500 0.463750 0.123889 0.062500
70 0.213611 0.464875 0.108333 0.063250
60 0.860278 0.574625 0.165000 0.063750
60 0.392222 0.578000 0.167778 0.063500
67 0.112778 0.507250 0.104444 0.050500
68 0.101389 0.431875 0.101667 0.051250
72 0.226944 0.378500 0.138333 0.070000
72 0.459722 0.378250 0.123889 0.072500
72 0.458611 0.377750 0.123889 0.072500
72 0.349722 0.379750 0.107222 0.065000
69 0.118889 0.236625 0.108889 0.062750
69 0.111667 0.346000 0.081111 0.051000
60 0.840556 0.264375 0.195556 0.112250
60 0.639167 0.263750 0.195000 0.118000
64 0.443889 0.264250 0.197778 0.116000
64 0.263611 0.261625 0.188333 0.111750
