3 0.278889 0.039250 0.332222 0.060500
4 0.320278 0.244625 0.330556 0.059250
5 0.621111 0.035125 0.342222 0.065750
6 0.084167 0.334375 0.162778 0.048250
7 0.254167 0.384250 0.180556 0.051000
8 0.615556 0.385625 0.167778 0.051250
9 0.101944 0.471625 0.175000 0.050750
10 0.778889 0.519500 0.163333 0.049500
11 0.398333 0.595125 0.177778 0.046750
12 0.762778 0.597875 0.166667 0.051750
13 0.304444 0.760875 0.178889 0.044750
14 0.678611 0.761375 0.161667 0.047250
15 0.133889 0.866000 0.157778 0.100500
16 0.324444 0.886875 0.237778 0.050750
17 0.560556 0.885875 0.232222 0.058250
11 0.196944 0.601875 0.189444 0.049250
11 0.406111 0.643125 0.177778 0.046750
11 0.195556 0.650125 0.177778 0.046750
12 0.930000 0.598250 0.140000 0.051500
12 0.930000 0.649750 0.140000 0.051500
12 0.588333 0.594375 0.166667 0.051750
12 0.589444 0.643375 0.166667 0.051750
12 0.761944 0.646875 0.156111 0.045750
17 0.796111 0.890625 0.232222 0.058250
17 0.791111 0.837000 0.237778 0.046000
18 0.331111 0.838125 0.237778 0.050750
14 0.865556 0.762875 0.163333 0.047750
14 0.684444 0.713625 0.163333 0.047750
13 0.499444 0.765875 0.181111 0.038250
13 0.501667 0.725375 0.181111 0.038250
13 0.306667 0.721625 0.181111 0.038250
13 0.116667 0.719625 0.181111 0.038250
13 0.112222 0.757375 0.181111 0.038250
9 0.102500 0.521125 0.169444 0.047250
9 0.279167 0.468625 0.169444 0.047250
9 0.274722 0.518375 0.169444 0.047250
9 0.443056 0.517625 0.169444 0.047250
9 0.447500 0.468125 0.169444 0.047250
9 0.614722 0.467625 0.169444 0.047250
9 0.611389 0.518125 0.169444 0.047250
10 0.785556 0.467000 0.163333 0.049500
7 0.256944 0.333750 0.180556 0.051000
7 0.439167 0.331750 0.180556 0.051000
7 0.436944 0.382250 0.180556 0.051000
6 0.083056 0.382375 0.162778 0.048250
8 0.621667 0.334375 0.167778 0.051250
8 0.793333 0.334875 0.167778 0.051250
8 0.786111 0.383625 0.167778 0.051250
19 0.660278 0.189125 0.330556 0.059250
19 0.644167 0.243625 0.330556 0.059250
4 0.319444 0.190875 0.314444 0.045250
3 0.282222 0.092875 0.320000 0.049250
5 0.613889 0.092750 0.331111 0.048500
12 0.928889 0.597750 0.140000 0.051500
