42 0.251667 0.581125 0.084444 0.022250
38 0.448889 0.579625 0.071111 0.021750
61 0.774167 0.602250 0.083889 0.018500
41 0.696389 0.642125 0.086111 0.024750
62 0.141111 0.642875 0.076667 0.020250
39 0.328611 0.699375 0.081667 0.018750
42 0.057222 0.603375 0.084444 0.022250
42 0.158889 0.602875 0.084444 0.022250
42 0.255000 0.604625 0.084444 0.022250
42 0.355556 0.600375 0.084444 0.022250
42 0.355556 0.579125 0.084444 0.022250
42 0.153333 0.580625 0.084444 0.022250
42 0.053889 0.580375 0.084444 0.022250
38 0.685000 0.602375 0.071111 0.021750
38 0.606667 0.602875 0.071111 0.021750
38 0.533889 0.602375 0.071111 0.021750
38 0.450000 0.602375 0.071111 0.021750
38 0.686111 0.580875 0.071111 0.021750
38 0.603889 0.579875 0.071111 0.021750
38 0.525556 0.579875 0.071111 0.021750
61 0.870833 0.602125 0.092778 0.020250
61 0.879167 0.579750 0.083889 0.018500
41 0.724167 0.734875 0.091667 0.020750
41 0.625000 0.734000 0.085556 0.019500
41 0.624444 0.697875 0.088889 0.022250
41 0.621667 0.715875 0.090000 0.018250
41 0.723611 0.715250 0.088333 0.018500
41 0.718333 0.696250 0.087778 0.021500
41 0.789444 0.666375 0.085556 0.021750
41 0.795000 0.643625 0.092222 0.023250
41 0.694722 0.665875 0.083889 0.019750
41 0.602778 0.665125 0.086667 0.017750
41 0.510556 0.667375 0.081111 0.020750
41 0.418889 0.664625 0.080000 0.019750
41 0.326111 0.666625 0.090000 0.019250
41 0.227222 0.664250 0.083333 0.022500
41 0.320278 0.645125 0.086111 0.024750
41 0.419722 0.643125 0.086111 0.024750
41 0.509722 0.643625 0.086111 0.024750
41 0.601389 0.644375 0.086111 0.024750
62 0.048333 0.664125 0.076667 0.020250
62 0.136667 0.665125 0.076667 0.020250
62 0.228333 0.643125 0.076667 0.020250
62 0.047778 0.642625 0.076667 0.020250
39 0.314167 0.738375 0.081667 0.018750
39 0.414722 0.736125 0.081667 0.018750
39 0.507500 0.737125 0.081667 0.018750
39 0.507500 0.717625 0.081667 0.018750
39 0.413056 0.720125 0.081667 0.018750
39 0.310278 0.719625 0.081667 0.018750
39 0.515833 0.698375 0.081667 0.018750
39 0.416944 0.698875 0.081667 0.018750
38 0.876944 0.665500 0.070556 0.019500
38 0.880000 0.642125 0.071111 0.021750
59 0.046111 0.516000 0.091111 0.025500
59 0.140000 0.536875 0.084444 0.021250
59 0.227778 0.538000 0.078889 0.020500
59 0.224444 0.514625 0.078889 0.024250
59 0.137500 0.514000 0.091667 0.025500
59 0.047500 0.537875 0.090556 0.018250
60 0.318611 0.517125 0.096111 0.026750
60 0.316944 0.538875 0.093889 0.017750
60 0.861944 0.540000 0.095000 0.021500
60 0.772222 0.540000 0.087778 0.020500
60 0.680833 0.540250 0.082778 0.019500
60 0.593333 0.539125 0.090000 0.021250
60 0.506111 0.539500 0.087778 0.017500
60 0.411389 0.538875 0.089444 0.018750
60 0.860833 0.517250 0.087222 0.025000
60 0.773889 0.517750 0.077778 0.025500
60 0.684722 0.518125 0.088333 0.027250
60 0.600833 0.516375 0.085000 0.025250
60 0.508056 0.517125 0.096111 0.026750
60 0.413611 0.517375 0.096111 0.026750
55 0.043333 0.430750 0.085556 0.022500
55 0.297500 0.476000 0.091667 0.022500
55 0.204167 0.476500 0.086111 0.022500
55 0.114722 0.475250 0.086111 0.022500
55 0.037500 0.474750 0.073889 0.022000
55 0.304722 0.452625 0.086111 0.024250
55 0.216944 0.454750 0.086111 0.022500
55 0.125833 0.452500 0.086111 0.022500
55 0.042222 0.453250 0.083333 0.021500
55 0.214167 0.432000 0.086111 0.022500
55 0.128611 0.432000 0.086111 0.022500
56 0.420833 0.434750 0.097222 0.024000
56 0.408333 0.477250 0.121111 0.021000
56 0.409167 0.457250 0.116111 0.021000
56 0.528889 0.478000 0.112222 0.021000
56 0.527500 0.456375 0.116111 0.021250
56 0.525833 0.437250 0.096111 0.018500
60 0.067500 0.741000 0.095000 0.015000
60 0.052778 0.720625 0.095556 0.024750
65 0.178611 0.705500 0.135000 0.032500
65 0.178333 0.729625 0.133333 0.014250
65 0.187778 0.742375 0.133333 0.014250
18 0.640556 0.436125 0.110000 0.021750
18 0.637778 0.478125 0.110000 0.021750
18 0.637222 0.458375 0.110000 0.021750
64 0.818889 0.717625 0.092222 0.018250
64 0.816944 0.737000 0.087222 0.017000
57 0.742778 0.455375 0.080000 0.021250
57 0.848333 0.433875 0.080000 0.021250
57 0.835000 0.453875 0.080000 0.021250
57 0.842222 0.476125 0.080000 0.021250
57 0.739444 0.477625 0.080000 0.021250
51 0.231667 0.394000 0.084444 0.021500
51 0.052222 0.347750 0.084444 0.021500
51 0.141667 0.394500 0.084444 0.021500
51 0.052222 0.393000 0.084444 0.021500
51 0.231111 0.371750 0.084444 0.021500
51 0.142778 0.371250 0.084444 0.021500
51 0.236111 0.349500 0.084444 0.021500
51 0.141667 0.348000 0.084444 0.021500
51 0.051111 0.369250 0.084444 0.021500
54 0.574722 0.376500 0.085000 0.021000
54 0.916944 0.376000 0.085000 0.021000
54 0.914722 0.398250 0.085000 0.021000
54 0.834167 0.377000 0.085000 0.021000
54 0.827500 0.397500 0.085000 0.021000
54 0.579167 0.396500 0.085000 0.021000
54 0.660833 0.398000 0.085000 0.021000
54 0.396389 0.352250 0.085000 0.021000
54 0.754167 0.375750 0.085000 0.021000
54 0.660833 0.375500 0.085000 0.021000
54 0.485833 0.354000 0.085000 0.021000
54 0.488611 0.374000 0.085000 0.021000
54 0.493056 0.397750 0.085000 0.021000
54 0.400833 0.396000 0.085000 0.021000
54 0.403611 0.372500 0.085000 0.021000
54 0.748611 0.396500 0.085000 0.021000
54 0.918056 0.353750 0.085000 0.021000
54 0.831111 0.354625 0.081111 0.019750
54 0.750278 0.354250 0.078333 0.021500
54 0.666389 0.353250 0.085000 0.021000
54 0.577500 0.354000 0.085000 0.021000
53 0.731944 0.270625 0.073889 0.023250
53 0.915000 0.317625 0.083333 0.023750
53 0.825000 0.316125 0.081111 0.024250
53 0.824444 0.292250 0.084444 0.021500
53 0.911667 0.269750 0.088889 0.024500
53 0.816389 0.270125 0.073889 0.023250
53 0.735278 0.315875 0.073889 0.023250
53 0.732500 0.295375 0.073889 0.023250
53 0.913889 0.294875 0.083333 0.023750
49 0.196944 0.262750 0.082778 0.024500
49 0.453056 0.314000 0.082778 0.024500
49 0.364722 0.311250 0.082778 0.024500
49 0.278056 0.311500 0.082778 0.024500
49 0.648611 0.293125 0.090556 0.024250
49 0.557222 0.292375 0.084444 0.023250
49 0.460000 0.290500 0.093333 0.024000
49 0.279167 0.288000 0.082778 0.024500
49 0.369722 0.289500 0.081667 0.024000
49 0.646111 0.267500 0.084444 0.027000
49 0.555278 0.266375 0.090556 0.030750
49 0.464722 0.265750 0.082778 0.024500
49 0.380833 0.265500 0.082778 0.024500
49 0.293056 0.264000 0.082778 0.024500
49 0.186389 0.311500 0.082778 0.024500
49 0.094722 0.308250 0.082778 0.024500
49 0.097778 0.286250 0.094444 0.023000
49 0.105278 0.262250 0.088333 0.025500
49 0.194722 0.287250 0.082778 0.024500
49 0.646667 0.316250 0.090000 0.025000
49 0.551944 0.314125 0.087222 0.025250
58 0.936667 0.450250 0.096667 0.032500
58 0.935278 0.477875 0.096111 0.020250
