60 0.737750 0.637500 0.120500 0.199444
60 0.734375 0.840000 0.110750 0.190000
64 0.738500 0.257500 0.110500 0.183889
64 0.736125 0.442500 0.115250 0.197222
69 0.762500 0.117778 0.068500 0.101111
69 0.653125 0.110278 0.050750 0.076111
72 0.621250 0.228333 0.071500 0.138889
72 0.619500 0.344167 0.066000 0.102778
72 0.622250 0.462222 0.072000 0.122222
68 0.568125 0.105833 0.052250 0.100556
70 0.533000 0.214444 0.066000 0.108889
70 0.532500 0.325278 0.067000 0.131667
70 0.529875 0.441944 0.070250 0.110556
60 0.520250 0.567778 0.093000 0.168889
60 0.520125 0.728056 0.094750 0.149444
60 0.522125 0.875556 0.092250 0.161111
60 0.424875 0.864722 0.063250 0.167222
60 0.423000 0.393889 0.062500 0.162222
63 0.421625 0.241944 0.063750 0.117222
65 0.405750 0.118889 0.060500 0.100000
66 0.327875 0.116111 0.053250 0.093333
71 0.341250 0.338056 0.063500 0.131667
71 0.342250 0.476944 0.064000 0.125000
71 0.345000 0.591944 0.060500 0.113889
71 0.346500 0.720000 0.057500 0.132222
71 0.343250 0.854167 0.062500 0.131667
67 0.491500 0.108611 0.052000 0.115000
62 0.166125 0.079722 0.046750 0.115000
62 0.240000 0.109444 0.063500 0.107778
63 0.262750 0.207500 0.050000 0.100556
63 0.261000 0.311667 0.056500 0.103333
63 0.261750 0.406944 0.053500 0.101667
63 0.262250 0.519167 0.055000 0.111667
61 0.161500 0.206944 0.059500 0.100556
61 0.159875 0.340000 0.062750 0.108889
61 0.159375 0.436667 0.063750 0.100000
61 0.163625 0.531111 0.054750 0.093333
60 0.164750 0.625000 0.056000 0.096667
60 0.161125 0.727222 0.061250 0.104444
60 0.163500 0.816111 0.056500 0.093333
60 0.161375 0.918333 0.061750 0.106667
60 0.263500 0.618333 0.055000 0.098889
60 0.266000 0.705556 0.049500 0.076667
60 0.267375 0.791944 0.046750 0.086111
60 0.266250 0.881389 0.051500 0.093889
