12 0.405625 0.587222 0.041750 0.165556
11 0.404625 0.404167 0.042750 0.191667
11 0.357375 0.403611 0.045250 0.195000
12 0.356625 0.583889 0.041750 0.165556
12 0.351750 0.761111 0.046500 0.168889
12 0.402250 0.765278 0.051500 0.172778
12 0.401250 0.925833 0.052500 0.148333
12 0.351750 0.924722 0.052500 0.148333
11 0.351875 0.203611 0.045250 0.195000
11 0.399375 0.197222 0.051250 0.200000
4 0.757250 0.329722 0.056500 0.320556
19 0.758875 0.643333 0.056250 0.303333
19 0.814125 0.638889 0.056250 0.303333
4 0.812250 0.328611 0.056500 0.320556
3 0.959250 0.287778 0.054000 0.333333
3 0.908750 0.273889 0.054000 0.333333
5 0.967375 0.628889 0.065250 0.342222
5 0.907375 0.619444 0.055250 0.325556
7 0.668500 0.441667 0.051500 0.190000
8 0.664500 0.627222 0.056500 0.181111
6 0.666125 0.084167 0.046750 0.167222
6 0.615250 0.083056 0.052000 0.165000
7 0.617250 0.435000 0.051500 0.190000
7 0.616000 0.256667 0.051500 0.190000
7 0.667250 0.259444 0.051500 0.190000
8 0.670500 0.803333 0.056500 0.181111
8 0.614500 0.790833 0.051500 0.176111
8 0.611500 0.617500 0.051500 0.176111
9 0.533000 0.445278 0.050000 0.168333
10 0.535500 0.785278 0.053000 0.177222
10 0.482500 0.781944 0.053000 0.177222
9 0.482250 0.441944 0.050000 0.168333
9 0.481000 0.609722 0.050000 0.168333
9 0.532250 0.610833 0.050000 0.168333
9 0.480000 0.271944 0.050000 0.168333
9 0.531000 0.275833 0.050000 0.168333
9 0.529750 0.097500 0.052000 0.179444
9 0.480750 0.100278 0.052000 0.179444
13 0.277000 0.504444 0.046000 0.186667
14 0.283875 0.687222 0.041750 0.168889
13 0.278250 0.298889 0.046000 0.186667
13 0.281000 0.116667 0.046000 0.186667
13 0.242000 0.111667 0.046000 0.186667
13 0.238375 0.303889 0.041250 0.185556
13 0.235625 0.499444 0.041250 0.185556
14 0.243750 0.860556 0.064000 0.173333
14 0.236625 0.686111 0.041750 0.168889
17 0.116125 0.560000 0.054750 0.225556
16 0.117000 0.326944 0.058000 0.232778
17 0.114875 0.784444 0.054750 0.225556
17 0.163750 0.794444 0.048500 0.230000
16 0.166375 0.323889 0.044750 0.235556
15 0.133875 0.130833 0.103750 0.153889
