88 0.737000 0.117222 0.047500 0.068889
88 0.731875 0.393333 0.040250 0.056667
88 0.733875 0.329444 0.042250 0.071111
88 0.737500 0.253333 0.047500 0.068889
88 0.738000 0.192222 0.047500 0.068889
89 0.673250 0.114444 0.042500 0.057778
89 0.664250 0.453611 0.039000 0.068333
89 0.664875 0.390556 0.032250 0.057778
89 0.669875 0.320000 0.039750 0.074444
89 0.667750 0.244444 0.042500 0.057778
89 0.671250 0.178333 0.042500 0.057778
90 0.605625 0.106111 0.038750 0.064444
90 0.605125 0.318333 0.038750 0.064444
90 0.605375 0.245000 0.038250 0.072222
90 0.604625 0.172778 0.038750 0.064444
91 0.603875 0.378889 0.041250 0.047778
92 0.605375 0.439722 0.044250 0.077222
92 0.601250 0.524167 0.043500 0.085000
93 0.535000 0.540278 0.045500 0.071667
93 0.534625 0.313333 0.039750 0.071111
93 0.535375 0.380000 0.041250 0.058889
93 0.532875 0.450278 0.036250 0.057222
93 0.542625 0.103889 0.039750 0.071111
94 0.473250 0.592500 0.051500 0.071667
95 0.475000 0.414167 0.046000 0.080556
95 0.471625 0.493611 0.040250 0.073889
95 0.476500 0.335833 0.046000 0.080556
96 0.477000 0.250556 0.048000 0.086667
96 0.478875 0.174167 0.047250 0.061667
97 0.413375 0.364444 0.037750 0.078889
97 0.405625 0.508889 0.037750 0.078889
97 0.404375 0.440000 0.037750 0.078889
98 0.410125 0.273333 0.043250 0.098889
98 0.413250 0.185556 0.042000 0.091111
99 0.333500 0.395278 0.046500 0.077222
99 0.333625 0.320000 0.046250 0.067778
99 0.333000 0.464722 0.047500 0.062778
99 0.335000 0.250833 0.048500 0.067222
100 0.335625 0.087778 0.049250 0.098889
100 0.334125 0.176111 0.049750 0.084444
87 0.535750 0.703611 0.052000 0.089444
87 0.527375 0.930000 0.045250 0.074444
87 0.532750 0.852500 0.048000 0.077222
87 0.535000 0.783611 0.052500 0.071667
87 0.534375 0.613889 0.040250 0.077778
28 0.469000 0.701389 0.049000 0.082778
28 0.469000 0.781944 0.049000 0.082778
28 0.468375 0.851111 0.048750 0.065556
28 0.466500 0.932500 0.049000 0.082778
21 0.409250 0.662778 0.048000 0.073333
21 0.405125 0.593889 0.040750 0.065556
21 0.403875 0.905556 0.048250 0.082222
21 0.407250 0.740000 0.048000 0.073333
2 0.332500 0.538611 0.047500 0.075000
2 0.333250 0.618611 0.052000 0.082778
2 0.331500 0.699444 0.051500 0.076667
2 0.332000 0.783889 0.050500 0.084444
2 0.329000 0.852222 0.048000 0.055556
2 0.330000 0.915833 0.047500 0.075000
20 0.254625 0.545278 0.056250 0.066111
20 0.247500 0.880556 0.058000 0.094444
20 0.246375 0.797222 0.054250 0.093333
20 0.256625 0.698611 0.056250 0.066111
20 0.253625 0.614167 0.056250 0.066111
24 0.248750 0.160833 0.049500 0.088333
24 0.248000 0.238889 0.051000 0.065556
24 0.251250 0.315278 0.050500 0.079444
24 0.251250 0.390556 0.057500 0.084444
24 0.250500 0.470000 0.059000 0.091111
