88 0.682222 0.829000 0.295556 0.050500
88 0.691389 0.881000 0.291667 0.051000
89 0.387778 0.829500 0.293333 0.049500
89 0.396667 0.880875 0.287778 0.046750
90 0.120278 0.832750 0.239444 0.050500
90 0.129167 0.932750 0.257222 0.046000
90 0.123333 0.884000 0.245556 0.050000
91 0.066111 0.720250 0.131111 0.077500
91 0.227222 0.720375 0.163333 0.081750
92 0.377778 0.713750 0.128889 0.074500
25 0.539167 0.695375 0.156111 0.037750
93 0.763889 0.696000 0.276667 0.045000
29 0.817222 0.630750 0.165556 0.041500
29 0.808889 0.586750 0.165556 0.043500
29 0.644444 0.586875 0.163333 0.045250
29 0.646667 0.632500 0.165556 0.048000
87 0.483056 0.589625 0.136111 0.042250
87 0.491389 0.633875 0.136111 0.042250
87 0.324722 0.593125 0.136111 0.042250
4 0.131944 0.591000 0.152778 0.040500
4 0.134444 0.635375 0.166667 0.047250
18 0.105000 0.472625 0.131111 0.037750
18 0.116111 0.513625 0.125556 0.040750
18 0.251389 0.470000 0.126111 0.036000
6 0.422778 0.469875 0.160000 0.038750
6 0.590833 0.469125 0.155000 0.039250
6 0.583611 0.507000 0.157222 0.034000
17 0.752500 0.467875 0.157222 0.038750
17 0.757500 0.510250 0.151667 0.042500
17 0.925000 0.466000 0.150000 0.037000
32 0.286667 0.383250 0.126667 0.061000
94 0.421667 0.338125 0.137778 0.030250
94 0.577500 0.338125 0.136111 0.028250
94 0.580000 0.370000 0.137778 0.030500
94 0.423889 0.371875 0.143333 0.029750
94 0.585000 0.405250 0.142222 0.034500
94 0.429167 0.407375 0.141667 0.030750
31 0.760000 0.391750 0.160000 0.030000
31 0.922778 0.363250 0.154444 0.028500
31 0.921667 0.362750 0.154444 0.028500
31 0.927778 0.332375 0.144444 0.029250
31 0.749722 0.333125 0.149444 0.027750
31 0.746667 0.362625 0.153333 0.027750
95 0.424167 0.248500 0.145000 0.060500
96 0.596389 0.230875 0.171667 0.028750
96 0.595278 0.263500 0.173889 0.037000
36 0.767778 0.221750 0.138889 0.032000
36 0.766944 0.273500 0.129444 0.032000
36 0.906944 0.231250 0.127222 0.032500
36 0.912500 0.264250 0.137222 0.036500
97 0.854167 0.141250 0.146111 0.106500
97 0.695556 0.145750 0.154444 0.102500
98 0.341667 0.142750 0.184444 0.114000
98 0.529722 0.150125 0.167222 0.093750
