8 0.821375 0.935833 0.057250 0.115000
8 0.836875 0.581944 0.057250 0.115000
8 0.828375 0.707500 0.057250 0.115000
8 0.825125 0.823611 0.057250 0.115000
7 0.839250 0.448889 0.068000 0.144444
7 0.851250 0.173889 0.068000 0.144444
7 0.843500 0.311667 0.068000 0.144444
4 0.748250 0.198056 0.075000 0.127222
4 0.749750 0.071944 0.075000 0.127222
5 0.749125 0.310278 0.057250 0.125000
5 0.745125 0.553611 0.057250 0.125000
5 0.747125 0.430833 0.057250 0.125000
6 0.729000 0.673056 0.067000 0.125000
6 0.723875 0.931389 0.075250 0.123889
6 0.728875 0.799167 0.070750 0.135000
3 0.628125 0.943333 0.056250 0.113333
3 0.635000 0.542778 0.062000 0.155556
3 0.634375 0.686944 0.061750 0.125000
3 0.630500 0.814444 0.062000 0.124444
2 0.533250 0.560556 0.092000 0.151111
2 0.527750 0.946111 0.103500 0.107778
2 0.528000 0.826667 0.092000 0.151111
2 0.529625 0.689167 0.092750 0.128333
1 0.413875 0.578056 0.084750 0.132778
1 0.413375 0.846944 0.084750 0.132778
1 0.413625 0.714722 0.084750 0.132778
1 0.285750 0.617500 0.103500 0.160556
1 0.205375 0.577500 0.067750 0.159444
1 0.283875 0.930278 0.114250 0.139444
1 0.279750 0.783056 0.103500 0.160556
9 0.298125 0.463889 0.089250 0.138889
9 0.210875 0.311667 0.075250 0.137778
9 0.290875 0.306667 0.089250 0.138889
9 0.213000 0.453056 0.074000 0.137222
10 0.199125 0.164444 0.091250 0.138889
10 0.288625 0.156667 0.090750 0.150000
12 0.411625 0.156111 0.083750 0.146667
11 0.411375 0.309167 0.087250 0.135000
11 0.412375 0.450833 0.087250 0.135000
13 0.540375 0.125000 0.093750 0.125556
13 0.534875 0.407778 0.093750 0.125556
13 0.535875 0.263889 0.093750 0.125556
14 0.645375 0.126944 0.072250 0.131667
14 0.641375 0.386389 0.072250 0.131667
14 0.645125 0.254722 0.072250 0.131667
