15 0.304444 0.844750 0.243333 0.069000
15 0.805278 0.915375 0.236111 0.058750
15 0.558611 0.914250 0.238333 0.058000
15 0.308889 0.906750 0.247778 0.061000
15 0.090833 0.908500 0.180556 0.054500
15 0.090833 0.848125 0.180556 0.069750
15 0.097500 0.783125 0.193889 0.064250
15 0.315000 0.780750 0.243333 0.069000
15 0.569444 0.780250 0.243333 0.069000
15 0.816667 0.784000 0.243333 0.069000
15 0.803333 0.854750 0.243333 0.069000
15 0.550556 0.851000 0.243333 0.069000
16 0.559722 0.628250 0.230556 0.062000
16 0.309167 0.682250 0.229444 0.050500
16 0.096389 0.680000 0.189444 0.045500
16 0.793333 0.688625 0.244444 0.046750
16 0.546944 0.683250 0.235000 0.050000
16 0.102222 0.561250 0.203333 0.063500
16 0.330833 0.560500 0.230556 0.062000
16 0.819722 0.572000 0.230556 0.062000
16 0.575278 0.567500 0.230556 0.062000
16 0.805833 0.630250 0.230556 0.062000
16 0.311389 0.626750 0.230556 0.062000
16 0.095833 0.626625 0.190556 0.062750
17 0.170278 0.427375 0.189444 0.064750
17 0.798056 0.483500 0.191667 0.040000
17 0.795278 0.429625 0.189444 0.064750
17 0.794722 0.364375 0.189444 0.064750
17 0.580278 0.430625 0.189444 0.064750
17 0.367500 0.428375 0.189444 0.064750
17 0.587500 0.369125 0.189444 0.064750
17 0.375833 0.364375 0.189444 0.064750
17 0.168611 0.358375 0.189444 0.064750
18 0.497778 0.225375 0.287778 0.065750
18 0.780278 0.171875 0.280556 0.054250
18 0.492778 0.168000 0.270000 0.051000
18 0.788889 0.232125 0.287778 0.065750
19 0.122500 0.208375 0.150556 0.111250
19 0.271944 0.207125 0.150556 0.111250
20 0.701389 0.052875 0.310556 0.103750
21 0.356944 0.053875 0.235000 0.107250
21 0.117778 0.053875 0.234444 0.107250
