7 0.165000 0.148250 0.131111 0.075000
7 0.445833 0.161625 0.131667 0.075250
7 0.308889 0.154750 0.131111 0.075000
4 0.073889 0.251375 0.133333 0.081250
4 0.201111 0.253000 0.120000 0.073500
8 0.585833 0.166875 0.115000 0.072750
8 0.813611 0.172125 0.115000 0.072750
8 0.701944 0.170125 0.115000 0.072750
8 0.930833 0.177375 0.115000 0.072750
5 0.314444 0.249500 0.117778 0.064000
5 0.432778 0.251500 0.117778 0.064000
5 0.554444 0.254500 0.117778 0.064000
6 0.673889 0.264375 0.130000 0.062750
6 0.930556 0.274875 0.130000 0.062750
6 0.807500 0.271625 0.133889 0.065250
3 0.543333 0.363125 0.145556 0.069750
3 0.941944 0.368625 0.116111 0.070250
3 0.813889 0.367000 0.126667 0.070500
3 0.687222 0.366500 0.128889 0.070000
2 0.551944 0.466750 0.132778 0.086500
2 0.945556 0.468250 0.108889 0.086000
2 0.823611 0.470500 0.132778 0.086500
2 0.682500 0.467500 0.132778 0.086500
1 0.580556 0.587750 0.127778 0.082000
1 0.838333 0.587250 0.127778 0.082000
1 0.707222 0.587750 0.127778 0.082000
0 0.620556 0.708750 0.167778 0.099500
0 0.926667 0.717250 0.146667 0.100500
0 0.771389 0.715875 0.155000 0.097750
0 0.579722 0.792000 0.157222 0.073500
9 0.305556 0.707750 0.133333 0.091000
9 0.453611 0.784250 0.121667 0.067500
9 0.314444 0.788125 0.144444 0.071750
9 0.453889 0.706250 0.133333 0.091000
10 0.151667 0.709875 0.147778 0.095250
10 0.153889 0.801375 0.147778 0.095250
11 0.319722 0.586500 0.142778 0.082500
11 0.447778 0.585375 0.121111 0.080250
12 0.158889 0.591500 0.131111 0.083000
13 0.269167 0.466375 0.138333 0.087250
13 0.413056 0.464875 0.138333 0.087250
13 0.122500 0.461125 0.138333 0.087250
14 0.261111 0.357375 0.132222 0.071250
14 0.392222 0.359375 0.132222 0.071250
14 0.123333 0.354375 0.132222 0.071250
