88 0.268750 0.608611 0.043000 0.055000
88 0.264000 0.809722 0.042500 0.069444
88 0.268625 0.737778 0.043750 0.065556
88 0.269125 0.674167 0.044250 0.065000
88 0.262000 0.879722 0.042500 0.069444
89 0.330625 0.674167 0.038250 0.076111
89 0.330250 0.749444 0.038000 0.062222
89 0.329375 0.819167 0.038250 0.076111
89 0.325875 0.888611 0.038250 0.076111
89 0.337000 0.610556 0.036000 0.044444
89 0.335875 0.545833 0.038250 0.076111
90 0.396375 0.676389 0.034250 0.065000
90 0.395625 0.750278 0.034250 0.065000
90 0.396875 0.826944 0.034250 0.065000
90 0.392875 0.901389 0.034250 0.065000
91 0.399125 0.618611 0.036750 0.045000
92 0.397125 0.558611 0.037250 0.067222
92 0.400125 0.488611 0.037250 0.067222
93 0.464750 0.623056 0.036000 0.072778
93 0.464625 0.458611 0.035750 0.079444
93 0.465375 0.545833 0.035250 0.061667
93 0.464000 0.684167 0.036000 0.072778
93 0.458500 0.894167 0.036000 0.072778
94 0.529250 0.408056 0.043500 0.080556
95 0.528500 0.517500 0.040000 0.072778
95 0.524000 0.668611 0.040000 0.072778
95 0.523500 0.586944 0.040000 0.072778
96 0.525375 0.756389 0.044250 0.080556
96 0.522375 0.826389 0.044250 0.080556
97 0.590125 0.646667 0.040750 0.075556
97 0.591875 0.562778 0.040750 0.075556
97 0.591375 0.482778 0.040750 0.075556
98 0.591625 0.730833 0.040750 0.093889
98 0.587625 0.817500 0.045250 0.082778
99 0.666500 0.537222 0.044500 0.070000
99 0.664250 0.742778 0.044500 0.070000
99 0.669500 0.677222 0.044500 0.070000
99 0.665500 0.612222 0.044500 0.070000
100 0.665500 0.903889 0.050000 0.114444
100 0.664625 0.813611 0.055250 0.087222
87 0.464750 0.296389 0.051000 0.097222
87 0.466875 0.219722 0.048750 0.055000
87 0.467875 0.152222 0.043750 0.072222
87 0.469000 0.072500 0.048500 0.077222
87 0.465625 0.385833 0.044250 0.077222
28 0.529125 0.303333 0.048250 0.096667
28 0.530250 0.221667 0.050000 0.074444
28 0.533000 0.147500 0.048000 0.067222
28 0.530625 0.067500 0.051250 0.076111
21 0.591750 0.412500 0.045000 0.072778
21 0.594000 0.333056 0.045000 0.072778
21 0.593500 0.258056 0.045000 0.072778
21 0.597000 0.100278 0.047000 0.090556
2 0.668000 0.459444 0.049000 0.084444
2 0.664250 0.380000 0.049000 0.084444
2 0.669750 0.297778 0.049000 0.084444
2 0.668500 0.218889 0.049000 0.084444
2 0.670625 0.149444 0.048250 0.064444
2 0.671375 0.086667 0.048250 0.064444
20 0.747875 0.455833 0.058250 0.053889
20 0.747000 0.380278 0.059500 0.073889
20 0.746250 0.313056 0.059500 0.073889
20 0.751250 0.203056 0.061500 0.089444
20 0.751250 0.114722 0.061500 0.089444
24 0.752875 0.526944 0.051750 0.072778
24 0.753625 0.838611 0.051750 0.072778
24 0.753125 0.759167 0.051750 0.072778
24 0.751625 0.690833 0.051750 0.072778
24 0.749875 0.615278 0.051750 0.072778
