49 0.262375 0.893056 0.023750 0.087222
49 0.309125 0.908056 0.023750 0.087222
49 0.285625 0.901944 0.023750 0.087222
49 0.309375 0.813056 0.023750 0.087222
49 0.286625 0.804722 0.023750 0.087222
49 0.260875 0.796944 0.023750 0.087222
49 0.263875 0.711389 0.023750 0.087222
49 0.287125 0.715278 0.023750 0.087222
49 0.310125 0.725278 0.023750 0.087222
49 0.265125 0.351944 0.023750 0.087222
49 0.264375 0.439722 0.023750 0.087222
49 0.264875 0.536389 0.023750 0.087222
49 0.264875 0.619722 0.023750 0.087222
49 0.289625 0.351944 0.023750 0.087222
49 0.289625 0.443611 0.023750 0.087222
49 0.289625 0.540278 0.023750 0.087222
49 0.288375 0.628333 0.022250 0.084444
49 0.315625 0.355278 0.023750 0.087222
49 0.313375 0.445278 0.023750 0.087222
49 0.312875 0.541944 0.023750 0.087222
49 0.311625 0.633611 0.023750 0.087222
53 0.267875 0.270278 0.022750 0.072778
53 0.315625 0.265278 0.022750 0.072778
53 0.292375 0.265278 0.022750 0.072778
53 0.314375 0.177500 0.022750 0.072778
53 0.290875 0.179722 0.022750 0.072778
53 0.267625 0.183611 0.022750 0.072778
53 0.316500 0.084722 0.022000 0.079444
53 0.293125 0.082500 0.022750 0.072778
53 0.267625 0.086667 0.023250 0.086667
54 0.375750 0.426389 0.021000 0.075000
54 0.373750 0.503611 0.021000 0.075000
54 0.398000 0.427500 0.021000 0.075000
54 0.396000 0.505833 0.021000 0.075000
54 0.372750 0.596944 0.021000 0.075000
54 0.397250 0.595833 0.021000 0.075000
54 0.397750 0.339167 0.021000 0.075000
54 0.376250 0.341389 0.021000 0.075000
54 0.397750 0.254167 0.021000 0.075000
54 0.375500 0.252500 0.021000 0.075000
54 0.374750 0.171944 0.021000 0.075000
54 0.397500 0.171389 0.021000 0.075000
54 0.397000 0.087500 0.021000 0.075000
54 0.374750 0.090833 0.021000 0.075000
54 0.351750 0.595000 0.019500 0.085556
54 0.354250 0.086111 0.019500 0.085556
54 0.352500 0.176111 0.019500 0.085556
54 0.353250 0.257778 0.019500 0.085556
54 0.351500 0.342778 0.019500 0.085556
54 0.351500 0.425000 0.019500 0.085556
54 0.351500 0.510000 0.019500 0.085556
51 0.370500 0.768056 0.022000 0.086111
51 0.393250 0.766389 0.022000 0.086111
51 0.394000 0.858056 0.022000 0.086111
51 0.369750 0.857500 0.022000 0.086111
51 0.392500 0.945278 0.022000 0.086111
51 0.370500 0.946389 0.022000 0.086111
51 0.350500 0.763611 0.022000 0.086111
51 0.347500 0.859722 0.022000 0.086111
51 0.347000 0.943611 0.022000 0.086111
55 0.452500 0.876111 0.021500 0.075556
55 0.430500 0.868889 0.021500 0.075556
55 0.474750 0.884444 0.021500 0.075556
55 0.475250 0.792778 0.021500 0.075556
55 0.454000 0.785556 0.021500 0.075556
55 0.432125 0.785556 0.021750 0.081111
55 0.475500 0.706667 0.021500 0.075556
55 0.451875 0.694167 0.024750 0.076111
55 0.474000 0.962222 0.021500 0.075556
55 0.429500 0.962222 0.021500 0.075556
55 0.451750 0.962222 0.021500 0.075556
56 0.477375 0.588611 0.020250 0.097222
56 0.434375 0.584167 0.020250 0.097222
56 0.456625 0.598611 0.020250 0.097222
56 0.477875 0.479167 0.020250 0.097222
56 0.458375 0.476944 0.020250 0.097222
56 0.437125 0.479722 0.020250 0.097222
18 0.458250 0.365556 0.019000 0.091111
18 0.477250 0.365556 0.019000 0.091111
18 0.435625 0.359444 0.025250 0.104444
57 0.454125 0.259444 0.021250 0.081111
57 0.476625 0.260278 0.021750 0.085000
57 0.432375 0.158611 0.021750 0.085000
57 0.453625 0.165833 0.021750 0.085000
57 0.476375 0.160278 0.021750 0.085000
58 0.449375 0.061944 0.034250 0.098333
58 0.475875 0.059722 0.021250 0.096111
59 0.515000 0.956111 0.025500 0.081111
59 0.538000 0.951667 0.019500 0.077778
59 0.538875 0.771667 0.017750 0.084444
59 0.538500 0.856944 0.020000 0.079444
59 0.513750 0.770556 0.025500 0.081111
59 0.515250 0.855000 0.025500 0.081111
60 0.517750 0.680278 0.021500 0.083889
60 0.719000 0.950278 0.021500 0.083889
60 0.741750 0.931389 0.016500 0.079444
60 0.519000 0.130833 0.021500 0.083889
60 0.518250 0.226944 0.021500 0.083889
60 0.520750 0.314722 0.021500 0.083889
60 0.518000 0.408611 0.021500 0.083889
60 0.518250 0.493611 0.021500 0.083889
60 0.515750 0.582500 0.021500 0.083889
60 0.539375 0.679722 0.017750 0.078333
60 0.542625 0.139167 0.017750 0.078333
60 0.541375 0.229722 0.017750 0.078333
60 0.538125 0.315833 0.017750 0.078333
60 0.539125 0.409722 0.017750 0.078333
60 0.537625 0.488611 0.017750 0.078333
60 0.538125 0.593611 0.017750 0.078333
61 0.580625 0.120556 0.025750 0.092222
61 0.600875 0.230556 0.025750 0.092222
61 0.603375 0.128056 0.018750 0.096111
38 0.581125 0.314167 0.020750 0.079444
38 0.642125 0.124167 0.020750 0.079444
38 0.665125 0.126389 0.020750 0.079444
38 0.580625 0.556389 0.020750 0.079444
38 0.580125 0.478611 0.020750 0.079444
38 0.578125 0.393611 0.020750 0.079444
38 0.601625 0.552500 0.020750 0.079444
38 0.601875 0.316389 0.020750 0.079444
38 0.602875 0.399167 0.020750 0.079444
38 0.602375 0.468056 0.020750 0.079444
42 0.603875 0.748056 0.022250 0.087222
42 0.580125 0.942500 0.022250 0.087222
42 0.581625 0.845833 0.022250 0.087222
42 0.579625 0.643056 0.022250 0.087222
42 0.602125 0.943611 0.022250 0.087222
42 0.605125 0.846944 0.022250 0.087222
42 0.580375 0.745833 0.022250 0.087222
42 0.601125 0.646944 0.022250 0.087222
41 0.641875 0.211389 0.022750 0.098333
41 0.667375 0.213611 0.022750 0.098333
41 0.644625 0.680833 0.022750 0.098333
41 0.642125 0.582500 0.022750 0.098333
41 0.643125 0.489167 0.022750 0.098333
41 0.641875 0.406944 0.022750 0.098333
41 0.639875 0.307500 0.022750 0.098333
41 0.665375 0.489722 0.022750 0.098333
41 0.664875 0.403056 0.022750 0.098333
41 0.663875 0.306944 0.022750 0.098333
41 0.665125 0.773056 0.022750 0.098333
41 0.666625 0.676944 0.022750 0.098333
41 0.664625 0.584167 0.022750 0.098333
41 0.734500 0.276944 0.021000 0.096111
41 0.695500 0.378611 0.021000 0.096111
41 0.713500 0.376389 0.021000 0.096111
41 0.733000 0.384722 0.021000 0.096111
41 0.697500 0.281944 0.021000 0.096111
41 0.714750 0.273056 0.021000 0.096111
62 0.642500 0.775278 0.022000 0.075000
62 0.642750 0.950278 0.022000 0.075000
62 0.643500 0.860278 0.022000 0.075000
62 0.665250 0.949167 0.022000 0.075000
62 0.665250 0.865278 0.022000 0.075000
63 0.707125 0.050556 0.022750 0.095556
63 0.723250 0.052500 0.009000 0.091667
63 0.743500 0.051389 0.009000 0.091667
63 0.733750 0.050278 0.009000 0.091667
64 0.717125 0.181389 0.015750 0.090556
64 0.734375 0.180278 0.015750 0.090556
39 0.735375 0.492778 0.019250 0.077778
39 0.740375 0.692778 0.019250 0.077778
39 0.734375 0.592222 0.019250 0.077778
39 0.716250 0.491389 0.017500 0.077222
39 0.717750 0.688611 0.017500 0.077222
39 0.717000 0.585556 0.017000 0.092222
39 0.697750 0.482500 0.017500 0.077222
39 0.700750 0.675278 0.021500 0.090556
39 0.698250 0.578056 0.018000 0.088333
65 0.706125 0.823056 0.032250 0.135000
65 0.729000 0.822500 0.015000 0.132778
65 0.741250 0.814722 0.015000 0.132778
