49 0.738000 0.110833 0.024000 0.087222
49 0.688500 0.097500 0.018500 0.082778
49 0.712000 0.099167 0.024000 0.087222
49 0.738000 0.203611 0.024000 0.087222
49 0.714250 0.196389 0.024000 0.087222
49 0.687000 0.187500 0.024000 0.087222
49 0.685750 0.277500 0.024000 0.087222
49 0.711250 0.283056 0.024000 0.087222
49 0.735500 0.287500 0.024000 0.087222
49 0.734250 0.378056 0.024000 0.087222
49 0.710750 0.374722 0.024000 0.087222
49 0.686000 0.365833 0.024000 0.087222
49 0.684500 0.458611 0.024000 0.087222
49 0.708250 0.459167 0.024000 0.087222
49 0.733750 0.468056 0.024000 0.087222
49 0.681500 0.651389 0.024000 0.087222
49 0.707750 0.644722 0.024000 0.087222
49 0.733250 0.646944 0.024000 0.087222
49 0.684500 0.559167 0.024000 0.087222
49 0.708000 0.561389 0.024000 0.087222
49 0.733500 0.564722 0.024000 0.087222
53 0.684125 0.739167 0.019750 0.071667
53 0.730000 0.910278 0.024000 0.088333
53 0.703625 0.918056 0.019750 0.071667
53 0.683875 0.918056 0.019750 0.071667
53 0.729625 0.821389 0.019750 0.071667
53 0.707875 0.820833 0.019750 0.071667
53 0.684375 0.824722 0.019750 0.071667
53 0.729875 0.734167 0.019750 0.071667
53 0.707625 0.735833 0.019750 0.071667
54 0.602250 0.493333 0.019000 0.082222
54 0.647000 0.491111 0.019000 0.082222
54 0.625000 0.492222 0.019000 0.082222
54 0.603875 0.408889 0.020750 0.086667
54 0.626000 0.406667 0.019000 0.082222
54 0.648500 0.404444 0.019000 0.082222
54 0.602375 0.574167 0.021250 0.081667
54 0.624250 0.575556 0.019000 0.082222
54 0.646500 0.575000 0.019000 0.082222
54 0.646625 0.660833 0.021250 0.081667
54 0.623375 0.661944 0.021250 0.081667
54 0.600875 0.660833 0.021250 0.081667
54 0.600875 0.748611 0.021250 0.081667
54 0.622875 0.748611 0.021250 0.081667
54 0.645125 0.746944 0.021250 0.081667
54 0.602375 0.830278 0.021250 0.081667
54 0.622625 0.829167 0.021250 0.081667
54 0.645375 0.829722 0.021250 0.081667
54 0.601875 0.910833 0.021250 0.081667
54 0.623375 0.910833 0.021250 0.081667
54 0.644375 0.914167 0.021250 0.081667
51 0.605250 0.230833 0.021500 0.080556
51 0.651250 0.230833 0.021500 0.080556
51 0.628750 0.228611 0.021500 0.080556
51 0.653000 0.138611 0.021500 0.080556
51 0.629250 0.137500 0.021500 0.080556
51 0.605000 0.138611 0.021500 0.080556
51 0.608750 0.053056 0.021500 0.080556
51 0.631000 0.052500 0.021500 0.080556
51 0.653000 0.051944 0.021500 0.080556
55 0.525875 0.035556 0.020250 0.070000
55 0.569375 0.040278 0.020750 0.079444
55 0.548125 0.036389 0.020250 0.070556
55 0.570875 0.130833 0.019750 0.082778
55 0.547750 0.126944 0.020000 0.081667
55 0.525125 0.113333 0.020750 0.083333
55 0.545625 0.212778 0.020750 0.083333
55 0.524625 0.206111 0.020750 0.083333
55 0.568625 0.211667 0.020750 0.083333
55 0.547375 0.302778 0.021750 0.084444
55 0.523625 0.290556 0.020750 0.083333
56 0.563500 0.421944 0.023000 0.102778
56 0.522125 0.409167 0.021250 0.100556
56 0.541750 0.408056 0.023000 0.102778
56 0.522125 0.524722 0.021250 0.100556
56 0.564375 0.526944 0.021250 0.100556
56 0.544125 0.524167 0.021250 0.100556
18 0.521625 0.637222 0.018250 0.101111
18 0.564375 0.638889 0.023250 0.104444
18 0.541375 0.638333 0.018250 0.101111
57 0.522625 0.743611 0.022250 0.091667
57 0.545625 0.743611 0.022250 0.091667
57 0.568625 0.851389 0.022250 0.091667
57 0.544625 0.838611 0.022250 0.091667
57 0.522125 0.843056 0.022250 0.091667
58 0.550125 0.936944 0.031250 0.093889
58 0.522500 0.936667 0.020000 0.090000
60 0.482750 0.318889 0.024000 0.091111
60 0.482250 0.866111 0.024000 0.091111
60 0.482000 0.771389 0.025500 0.082778
60 0.481250 0.689444 0.024000 0.082222
60 0.482250 0.600000 0.024000 0.091111
60 0.481750 0.505556 0.024000 0.091111
60 0.482000 0.410556 0.024000 0.091111
60 0.461125 0.321667 0.018250 0.081111
60 0.458125 0.863333 0.018250 0.081111
60 0.458125 0.769444 0.018250 0.081111
60 0.458125 0.687222 0.018250 0.081111
60 0.459625 0.592778 0.018250 0.081111
60 0.459125 0.506111 0.018250 0.081111
60 0.460875 0.410000 0.018250 0.081111
59 0.484125 0.045000 0.026750 0.085556
59 0.485375 0.226389 0.027250 0.075000
59 0.485375 0.143333 0.026750 0.085556
59 0.460125 0.043333 0.019250 0.077778
59 0.460625 0.227222 0.019250 0.077778
59 0.461875 0.140556 0.019250 0.077778
60 0.278500 0.052222 0.025500 0.083333
60 0.259250 0.065000 0.016000 0.075556
61 0.396875 0.772778 0.019750 0.084444
61 0.418750 0.881111 0.020000 0.096667
61 0.398125 0.871111 0.019750 0.084444
38 0.419250 0.448611 0.023000 0.077222
38 0.418250 0.689167 0.023000 0.077222
38 0.420250 0.608611 0.023000 0.077222
38 0.420000 0.527500 0.023000 0.077222
38 0.396000 0.688056 0.023000 0.077222
38 0.397500 0.609722 0.023000 0.077222
38 0.398500 0.532500 0.023000 0.077222
38 0.397500 0.447500 0.023000 0.077222
42 0.399250 0.352778 0.021500 0.083333
42 0.421500 0.360000 0.021500 0.083333
42 0.421000 0.053333 0.021500 0.083333
42 0.420000 0.157222 0.021500 0.083333
42 0.419500 0.246111 0.021500 0.083333
42 0.395000 0.057778 0.021500 0.083333
42 0.396750 0.161667 0.021500 0.083333
42 0.396750 0.254444 0.021500 0.083333
38 0.357750 0.878611 0.024000 0.065000
38 0.335125 0.876389 0.018250 0.071667
41 0.335500 0.228611 0.020000 0.096111
41 0.333500 0.793611 0.021500 0.091667
41 0.356250 0.793056 0.023500 0.092778
41 0.333875 0.699444 0.016750 0.094444
41 0.354500 0.318611 0.023500 0.092778
41 0.355750 0.414722 0.023500 0.092778
41 0.356000 0.514722 0.023500 0.092778
41 0.355750 0.613611 0.023500 0.092778
41 0.355625 0.708889 0.025250 0.095556
41 0.264875 0.626111 0.018750 0.093333
41 0.334000 0.611944 0.020000 0.096111
41 0.334000 0.519167 0.020000 0.096111
41 0.334000 0.421944 0.020000 0.096111
41 0.334500 0.327500 0.020000 0.096111
41 0.303125 0.628333 0.018750 0.093333
41 0.282625 0.622778 0.018750 0.093333
41 0.263625 0.729444 0.018750 0.093333
41 0.284375 0.730000 0.018750 0.093333
41 0.302125 0.720000 0.018750 0.093333
62 0.357000 0.225556 0.021500 0.078889
62 0.354750 0.050278 0.023000 0.077222
62 0.356000 0.138889 0.021500 0.078889
62 0.332625 0.048611 0.020250 0.076111
62 0.333375 0.142500 0.020250 0.076111
64 0.263250 0.822222 0.015000 0.088889
64 0.282125 0.820000 0.019250 0.088889
39 0.265375 0.516111 0.018250 0.078889
39 0.284625 0.514444 0.018250 0.078889
39 0.303000 0.517222 0.015000 0.081111
39 0.301375 0.417778 0.018250 0.078889
39 0.282125 0.410556 0.018250 0.078889
39 0.264875 0.409444 0.018250 0.078889
39 0.300375 0.323889 0.018250 0.078889
39 0.279125 0.318333 0.018250 0.078889
39 0.261375 0.316111 0.018250 0.078889
65 0.293500 0.177222 0.032000 0.138889
65 0.258250 0.192778 0.013500 0.144444
65 0.270500 0.176111 0.012000 0.131111
63 0.293250 0.947222 0.020000 0.105556
63 0.278375 0.946667 0.008750 0.106667
63 0.267500 0.945000 0.010000 0.105556
63 0.256000 0.945556 0.013000 0.106667
