88 0.118250 0.690556 0.052500 0.296667
88 0.171250 0.681111 0.052000 0.293333
89 0.170250 0.390278 0.049500 0.285000
89 0.118375 0.399167 0.051750 0.288333
90 0.066625 0.129167 0.048250 0.257222
90 0.166500 0.119167 0.052500 0.237222
90 0.115625 0.124167 0.051250 0.247222
91 0.278625 0.067500 0.078250 0.133889
91 0.280000 0.229722 0.083000 0.166111
92 0.284500 0.379167 0.078500 0.128333
25 0.305125 0.540833 0.040250 0.155000
93 0.303875 0.764444 0.048250 0.266667
29 0.369250 0.816111 0.043500 0.160000
29 0.367375 0.648611 0.045750 0.167222
29 0.412625 0.642778 0.043250 0.165556
29 0.411875 0.808056 0.042250 0.165000
18 0.410375 0.485000 0.043750 0.135556
18 0.366375 0.490833 0.042750 0.137222
18 0.407250 0.322222 0.041000 0.128889
4 0.364000 0.133889 0.046000 0.166667
4 0.408375 0.130000 0.042250 0.143333
18 0.485625 0.116111 0.042750 0.128889
18 0.526750 0.102500 0.039500 0.130556
18 0.529375 0.251944 0.037250 0.128333
6 0.530500 0.426389 0.039500 0.152778
6 0.492250 0.589722 0.033500 0.148333
6 0.530250 0.589722 0.041500 0.152778
17 0.532125 0.756389 0.039250 0.155000
17 0.490500 0.757222 0.043500 0.150000
17 0.535250 0.921944 0.040500 0.145000
32 0.617125 0.285000 0.059250 0.127778
94 0.660125 0.420833 0.028250 0.139444
94 0.627750 0.424167 0.032000 0.136111
94 0.592125 0.427500 0.033250 0.137222
94 0.662125 0.578889 0.028750 0.136667
94 0.629625 0.584167 0.030250 0.132778
94 0.594500 0.589167 0.037000 0.146111
31 0.637250 0.748889 0.027000 0.138889
31 0.665750 0.753333 0.027500 0.146667
31 0.607625 0.762778 0.030750 0.151111
31 0.667250 0.934167 0.030000 0.131667
31 0.636250 0.925556 0.029000 0.148889
95 0.750250 0.425833 0.058500 0.138333
96 0.769125 0.596389 0.035250 0.169444
96 0.734375 0.599167 0.034750 0.173889
36 0.778250 0.771389 0.033000 0.129444
36 0.725750 0.767222 0.031500 0.127778
36 0.769125 0.909167 0.032250 0.129444
36 0.735750 0.917222 0.035000 0.135556
97 0.854500 0.694444 0.097500 0.150000
97 0.858250 0.857778 0.104500 0.147778
98 0.857250 0.340556 0.109000 0.180000
98 0.850625 0.530556 0.096750 0.167778
