10 0.855278 0.820750 0.182778 0.038500
10 0.852222 0.784625 0.170000 0.035250
11 0.682222 0.820500 0.153333 0.037000
11 0.682222 0.783875 0.153333 0.030250
12 0.508611 0.820125 0.170556 0.038250
12 0.513333 0.785000 0.157778 0.032000
13 0.303333 0.797250 0.214444 0.018500
13 0.310556 0.778500 0.226667 0.019000
13 0.100556 0.777875 0.200000 0.020250
13 0.096944 0.796875 0.192778 0.020750
4 0.856944 0.725250 0.153889 0.041000
4 0.846944 0.685125 0.148333 0.040750
4 0.855000 0.649875 0.146667 0.036750
4 0.695278 0.650000 0.147222 0.037000
4 0.693889 0.690875 0.144444 0.044750
6 0.529444 0.691500 0.147778 0.043000
6 0.528333 0.691000 0.147778 0.043000
6 0.535000 0.649750 0.148889 0.037500
6 0.375833 0.649875 0.151667 0.038750
6 0.369722 0.691750 0.155000 0.044000
7 0.213056 0.688750 0.135000 0.041500
7 0.223333 0.649250 0.135556 0.036000
7 0.081111 0.648875 0.130000 0.037250
7 0.066389 0.689250 0.131667 0.045500
5 0.849444 0.558375 0.144444 0.095750
5 0.623056 0.556250 0.126111 0.098000
5 0.099722 0.553875 0.166111 0.099750
5 0.104722 0.432500 0.132778 0.090000
5 0.845278 0.441625 0.127222 0.086750
5 0.801389 0.332250 0.117222 0.082500
5 0.127222 0.320000 0.120000 0.081000
5 0.244444 0.322750 0.124444 0.080500
8 0.784444 0.246750 0.192222 0.043000
8 0.776944 0.205875 0.190556 0.040250
8 0.579444 0.202125 0.193333 0.036250
8 0.583889 0.242500 0.195556 0.042000
9 0.217778 0.213500 0.105556 0.080500
9 0.134167 0.211375 0.066111 0.081750
9 0.378056 0.197250 0.200556 0.040000
9 0.376111 0.238375 0.203333 0.039750
