10 0.820125 0.123889 0.037750 0.134444
10 0.784000 0.129444 0.035000 0.133333
11 0.819000 0.317500 0.037000 0.133889
11 0.784250 0.309167 0.032500 0.130556
12 0.819625 0.490278 0.041750 0.141667
12 0.783750 0.489722 0.033500 0.138333
13 0.778500 0.686667 0.019500 0.227778
13 0.798000 0.695833 0.020000 0.218333
13 0.777750 0.903611 0.019000 0.192778
13 0.797875 0.903611 0.020750 0.192778
4 0.724625 0.142500 0.040750 0.148333
4 0.684750 0.153889 0.039500 0.144444
4 0.650750 0.142222 0.038500 0.145556
4 0.690000 0.308056 0.042000 0.141667
4 0.650875 0.304722 0.036750 0.146111
6 0.649250 0.465000 0.037000 0.144444
6 0.648625 0.623333 0.037250 0.151111
6 0.690750 0.630278 0.043500 0.153889
4 0.690500 0.471389 0.043500 0.146111
7 0.649000 0.778889 0.036000 0.126667
7 0.689125 0.790556 0.043250 0.126667
7 0.689875 0.936389 0.042750 0.127222
7 0.688625 0.789444 0.043250 0.126667
7 0.650750 0.916111 0.037000 0.125556
5 0.558500 0.152500 0.096000 0.137222
5 0.555625 0.371111 0.095250 0.113333
5 0.553625 0.896944 0.098250 0.163889
5 0.431750 0.893611 0.089000 0.128333
5 0.442500 0.146944 0.086500 0.118333
5 0.332500 0.197778 0.079500 0.128889
5 0.320000 0.872500 0.083000 0.111667
5 0.322750 0.756111 0.081500 0.124444
8 0.248125 0.213889 0.040250 0.184444
8 0.206000 0.222778 0.040500 0.186667
8 0.201375 0.419722 0.041250 0.190556
8 0.242125 0.415278 0.040750 0.193889
9 0.197625 0.623333 0.039250 0.198889
9 0.237375 0.625278 0.038750 0.198333
9 0.214375 0.782222 0.083750 0.106667
9 0.212000 0.862778 0.081000 0.067778
