0 0.216944 0.281500 0.141667 0.100000
1 0.420556 0.413375 0.126667 0.080250
2 0.175278 0.529625 0.143889 0.089750
3 0.454722 0.637000 0.152778 0.071000
4 0.927222 0.751000 0.124444 0.084000
5 0.571667 0.748375 0.121111 0.059250
6 0.186944 0.729500 0.146111 0.075000
7 0.828056 0.850250 0.135000 0.082000
0 0.379722 0.287375 0.147222 0.098250
0 0.072778 0.284250 0.143333 0.107000
0 0.414444 0.205250 0.142222 0.066500
1 0.153333 0.410625 0.126667 0.080250
1 0.288333 0.411375 0.126667 0.080250
2 0.051389 0.530375 0.101667 0.086750
2 0.309444 0.533250 0.130000 0.086000
2 0.448889 0.533125 0.135556 0.088250
3 0.057778 0.630250 0.114444 0.062500
3 0.183333 0.631375 0.128889 0.067750
3 0.313333 0.632875 0.123333 0.069250
4 0.801667 0.747375 0.115556 0.074750
5 0.690000 0.750875 0.121111 0.059250
5 0.446667 0.746125 0.121111 0.059250
6 0.325556 0.732375 0.128889 0.058750
7 0.689167 0.842500 0.135000 0.082000
7 0.543611 0.838375 0.137222 0.074250
8 0.416667 0.840250 0.112222 0.064000
8 0.297778 0.832750 0.112222 0.064000
8 0.181667 0.831000 0.112222 0.064000
9 0.535556 0.296375 0.161111 0.082250
9 0.686389 0.208500 0.152778 0.077500
9 0.688333 0.292375 0.161111 0.082250
9 0.549167 0.212875 0.133889 0.078750
10 0.847222 0.289000 0.150000 0.092000
10 0.842778 0.198250 0.150000 0.092000
11 0.551667 0.411250 0.126667 0.084000
11 0.688889 0.410750 0.126667 0.084000
12 0.833611 0.410375 0.139444 0.084750
13 0.591667 0.537750 0.133333 0.083000
13 0.728333 0.535500 0.133333 0.083000
13 0.865556 0.538750 0.133333 0.083000
14 0.606389 0.640625 0.122778 0.071750
14 0.874167 0.643875 0.133889 0.073750
14 0.738611 0.641125 0.122778 0.071750
