19 0.826389 0.096625 0.148333 0.093750
20 0.863056 0.188500 0.088333 0.072000
20 0.773889 0.190375 0.085556 0.074250
20 0.954444 0.186750 0.088889 0.070000
20 0.853611 0.262750 0.088333 0.073500
20 0.768333 0.265250 0.081111 0.072000
20 0.948056 0.261000 0.088333 0.073500
20 0.850000 0.337250 0.093333 0.070500
20 0.940278 0.339125 0.085000 0.070250
20 0.763889 0.342375 0.083333 0.068750
20 0.846667 0.409875 0.090000 0.067750
20 0.759722 0.412000 0.078333 0.063000
20 0.843611 0.484625 0.085000 0.068750
20 0.756944 0.488000 0.081667 0.064000
20 0.756111 0.556500 0.092222 0.069500
20 0.858056 0.561000 0.106111 0.070500
20 0.858611 0.633750 0.106111 0.070500
20 0.757500 0.627875 0.099444 0.071250
20 0.850556 0.706375 0.111111 0.075250
20 0.749444 0.699375 0.090000 0.074750
20 0.841944 0.779625 0.100556 0.073750
20 0.747222 0.769750 0.091111 0.069000
20 0.833611 0.850375 0.100556 0.071750
20 0.745000 0.836000 0.088889 0.067000
22 0.879167 0.948375 0.059444 0.103250
22 0.808056 0.926500 0.071667 0.103500
22 0.735000 0.931875 0.071111 0.102750
24 0.618889 0.037125 0.115556 0.073750
24 0.511389 0.041625 0.096111 0.082750
24 0.510556 0.135625 0.102222 0.096250
25 0.596944 0.225625 0.096111 0.075750
25 0.505000 0.231625 0.090000 0.070750
25 0.504167 0.303125 0.095000 0.072750
25 0.593889 0.300625 0.091111 0.071750
25 0.503333 0.377000 0.093333 0.071000
25 0.598056 0.375750 0.109444 0.070500
26 0.515278 0.460250 0.095000 0.084500
26 0.507778 0.545875 0.093333 0.077250
27 0.583056 0.621125 0.081667 0.063250
27 0.495556 0.623375 0.081111 0.064250
27 0.491667 0.687750 0.080000 0.063000
27 0.586944 0.688375 0.092778 0.059750
27 0.489722 0.749250 0.081667 0.059500
27 0.574444 0.756250 0.087778 0.070500
27 0.566389 0.829625 0.085000 0.070750
27 0.486389 0.813875 0.077222 0.063250
28 0.543889 0.912000 0.074444 0.098500
28 0.480000 0.899625 0.055556 0.110750
4 0.329167 0.858250 0.102778 0.064500
6 0.336944 0.798375 0.103889 0.069250
6 0.329444 0.732125 0.080000 0.068250
6 0.258056 0.786375 0.059444 0.062250
6 0.258611 0.723750 0.061667 0.062500
7 0.324167 0.675000 0.079444 0.050500
7 0.323611 0.618750 0.082778 0.053500
7 0.258889 0.616000 0.064444 0.053000
18 0.320000 0.561125 0.072222 0.056250
18 0.253889 0.561875 0.057778 0.052250
18 0.262222 0.505375 0.073333 0.053750
18 0.306667 0.441750 0.060000 0.056500
17 0.365278 0.456125 0.056111 0.045750
17 0.326389 0.234875 0.059444 0.072250
17 0.258056 0.309000 0.066111 0.068500
17 0.260000 0.238000 0.072222 0.071000
23 0.315000 0.151625 0.063333 0.089750
23 0.316111 0.059250 0.058889 0.094500
