36 0.196500 0.210000 0.116000 0.186667
36 0.178750 0.399167 0.137000 0.188333
35 0.182125 0.619722 0.128750 0.200556
37 0.325500 0.211944 0.083000 0.162778
33 0.329000 0.372778 0.088500 0.166667
33 0.326750 0.544444 0.088500 0.166667
34 0.327250 0.722778 0.090000 0.168889
29 0.434875 0.187500 0.020750 0.101667
29 0.413875 0.295833 0.024250 0.105000
29 0.437375 0.299722 0.020750 0.101667
29 0.678125 0.498889 0.031250 0.111111
29 0.676625 0.623889 0.031250 0.111111
29 0.644375 0.619444 0.031250 0.111111
29 0.612625 0.625000 0.031250 0.111111
29 0.616125 0.495556 0.031250 0.111111
29 0.649125 0.494444 0.031250 0.111111
29 0.619375 0.877222 0.031250 0.111111
29 0.650125 0.863333 0.031250 0.111111
29 0.680875 0.862222 0.031250 0.111111
29 0.651125 0.752778 0.031250 0.111111
32 0.444000 0.423056 0.065000 0.137222
32 0.445625 0.827500 0.068250 0.157222
32 0.443500 0.688333 0.065000 0.118889
32 0.445625 0.552222 0.065250 0.126667
29 0.524500 0.724722 0.021000 0.108333
29 0.544500 0.726389 0.024500 0.109444
29 0.572625 0.739722 0.030750 0.095000
29 0.531250 0.863889 0.052000 0.114444
31 0.530250 0.163333 0.038500 0.108889
31 0.526875 0.395833 0.031750 0.103889
30 0.523000 0.510000 0.024000 0.095556
30 0.552875 0.610278 0.026750 0.101667
30 0.551000 0.512222 0.024000 0.095556
30 0.524250 0.623333 0.024000 0.095556
28 0.646875 0.144722 0.029250 0.113889
28 0.531875 0.280833 0.029250 0.113889
28 0.650125 0.377500 0.029250 0.113889
28 0.645875 0.259167 0.029250 0.113889
28 0.677125 0.265278 0.029250 0.113889
27 0.796625 0.732778 0.039250 0.117778
27 0.758625 0.862778 0.039250 0.117778
27 0.800375 0.863889 0.039250 0.117778
26 0.798375 0.609444 0.041750 0.114444
25 0.787500 0.122778 0.038500 0.117778
25 0.787750 0.245556 0.038500 0.117778
25 0.754500 0.610556 0.038500 0.117778
25 0.751250 0.361667 0.038500 0.117778
25 0.748250 0.249444 0.038500 0.117778
25 0.793500 0.362778 0.038500 0.117778
22 0.892500 0.105278 0.088000 0.131667
22 0.896625 0.263889 0.053750 0.134444
23 0.910250 0.397222 0.076500 0.138889
23 0.910750 0.525556 0.076500 0.138889
24 0.915125 0.676389 0.078250 0.130556
24 0.924875 0.823056 0.092750 0.155000
