20 0.813125 0.955000 0.073750 0.084444
20 0.811250 0.860000 0.072500 0.091111
20 0.809250 0.772778 0.073500 0.085556
20 0.736250 0.946667 0.075000 0.087778
20 0.732250 0.767222 0.074000 0.081111
20 0.735000 0.857500 0.077000 0.081667
20 0.660125 0.848611 0.071750 0.087222
20 0.657875 0.943333 0.070750 0.081111
20 0.656500 0.761667 0.072000 0.081111
20 0.586000 0.758889 0.062500 0.080000
20 0.588875 0.845278 0.066750 0.087222
20 0.511875 0.754444 0.065250 0.082222
20 0.514250 0.842778 0.066500 0.085556
19 0.898750 0.823056 0.101500 0.156111
21 0.443250 0.755833 0.067500 0.095000
21 0.438125 0.858056 0.073750 0.107222
21 0.370375 0.753611 0.068750 0.092778
21 0.364750 0.858333 0.069500 0.107778
21 0.299125 0.748611 0.070250 0.085000
21 0.293875 0.846389 0.072750 0.103889
21 0.220250 0.843333 0.073000 0.097778
21 0.230000 0.747222 0.071000 0.088889
21 0.162625 0.745278 0.067250 0.087222
21 0.148625 0.839167 0.071250 0.090556
22 0.074625 0.810000 0.103250 0.071111
22 0.072500 0.737500 0.110000 0.069444
22 0.055125 0.875833 0.109750 0.069444
28 0.088125 0.541111 0.100750 0.071111
28 0.100000 0.478889 0.110500 0.054444
27 0.185875 0.488056 0.062250 0.076111
27 0.169750 0.565833 0.066000 0.081667
27 0.241625 0.575278 0.068250 0.085000
27 0.312000 0.493889 0.064500 0.085556
27 0.249125 0.489167 0.063250 0.078333
27 0.378375 0.494722 0.066250 0.085000
27 0.378375 0.583056 0.066250 0.083889
26 0.537875 0.506111 0.092750 0.098889
26 0.452250 0.505000 0.081500 0.095556
25 0.695875 0.503333 0.075750 0.088889
25 0.619875 0.500556 0.074750 0.093333
25 0.621500 0.598056 0.077000 0.112778
25 0.697750 0.591389 0.075000 0.090556
25 0.768500 0.502778 0.071000 0.092222
25 0.772375 0.596667 0.078250 0.095556
24 0.859750 0.510000 0.102500 0.104444
24 0.957500 0.621111 0.085000 0.121111
24 0.955125 0.510556 0.089750 0.095556
23 0.847375 0.315556 0.095250 0.063333
23 0.940500 0.315278 0.096000 0.060556
17 0.760500 0.260278 0.071500 0.071667
17 0.764500 0.326111 0.070000 0.057778
17 0.689250 0.256111 0.070500 0.065556
18 0.557250 0.305833 0.056500 0.061667
18 0.495500 0.263056 0.053500 0.073889
18 0.439125 0.255000 0.051750 0.058889
18 0.440000 0.320000 0.058000 0.074444
17 0.540000 0.367778 0.057500 0.054444
7 0.383875 0.257778 0.053750 0.062222
7 0.380750 0.325833 0.053500 0.072778
7 0.330750 0.255556 0.051500 0.063333
7 0.325625 0.326667 0.050250 0.076667
6 0.267625 0.328333 0.065750 0.075556
6 0.275000 0.259167 0.064500 0.062778
6 0.202125 0.325000 0.070250 0.080000
6 0.213625 0.256667 0.062750 0.056667
4 0.140250 0.311389 0.061000 0.068333
