20 0.145750 0.592778 0.107500 0.166667
20 0.146125 0.438611 0.105750 0.150556
20 0.142125 0.284167 0.105750 0.150556
21 0.276250 0.443889 0.091500 0.140000
21 0.274500 0.586667 0.091500 0.140000
21 0.275250 0.714444 0.091500 0.140000
21 0.274750 0.832222 0.091500 0.140000
21 0.271000 0.949167 0.092000 0.101667
22 0.383250 0.371944 0.082500 0.163889
22 0.384625 0.220278 0.075250 0.137222
22 0.377250 0.534722 0.082500 0.163889
22 0.386375 0.079722 0.083250 0.158333
22 0.384375 0.689444 0.080250 0.132222
22 0.384625 0.819722 0.084250 0.102778
22 0.385375 0.939167 0.081750 0.121667
2 0.154375 0.887778 0.098750 0.143333
2 0.152625 0.747222 0.098750 0.143333
23 0.492000 0.314444 0.078000 0.165556
23 0.488750 0.458889 0.076000 0.121111
23 0.488625 0.579722 0.077750 0.112778
23 0.485500 0.705278 0.078000 0.122778
23 0.480625 0.823333 0.078250 0.131111
24 0.607250 0.451944 0.074500 0.131667
25 0.606625 0.313056 0.079250 0.132778
1 0.708250 0.408611 0.061500 0.139444
1 0.717500 0.108056 0.061500 0.139444
1 0.714500 0.254722 0.061500 0.139444
1 0.704250 0.531389 0.061500 0.139444
26 0.594125 0.928333 0.072750 0.135556
27 0.695750 0.673056 0.056000 0.115000
29 0.775375 0.866667 0.059250 0.185556
29 0.787500 0.665000 0.067500 0.172222
27 0.686000 0.910833 0.063500 0.121667
27 0.692750 0.792778 0.047500 0.111111
1 0.795500 0.513889 0.072500 0.154444
1 0.803500 0.377222 0.072500 0.154444
1 0.820125 0.086667 0.080250 0.157778
1 0.810875 0.238611 0.073250 0.136111
