2 0.899444 0.847125 0.147778 0.096750
20 0.586667 0.854125 0.164444 0.104250
20 0.433056 0.859250 0.136111 0.106000
20 0.283611 0.858250 0.169444 0.107000
2 0.751667 0.845875 0.147778 0.096750
21 0.446944 0.732125 0.153889 0.097250
21 0.579722 0.728750 0.123889 0.098000
21 0.711667 0.726625 0.134444 0.096750
21 0.830000 0.731125 0.117778 0.098250
21 0.950278 0.728500 0.099444 0.097500
28 0.290000 0.732625 0.164444 0.094250
28 0.130556 0.733125 0.164444 0.094250
22 0.077222 0.612125 0.153333 0.087250
22 0.223333 0.614000 0.142222 0.089000
22 0.373333 0.615125 0.151111 0.088750
22 0.531667 0.615625 0.151111 0.088750
22 0.692778 0.618125 0.151111 0.088750
22 0.815556 0.617750 0.115556 0.084500
22 0.940000 0.616250 0.115556 0.084500
23 0.828611 0.519125 0.113889 0.082750
23 0.710556 0.517375 0.132222 0.082250
23 0.583889 0.515875 0.132222 0.082250
23 0.467778 0.510125 0.132222 0.082250
23 0.325000 0.506000 0.155556 0.081500
24 0.463889 0.393875 0.135556 0.079250
25 0.320278 0.390125 0.141667 0.089750
26 0.929167 0.405375 0.120556 0.072250
27 0.911944 0.316750 0.105000 0.055000
27 0.792500 0.312500 0.105000 0.055000
27 0.673056 0.306875 0.123889 0.062750
1 0.534167 0.299625 0.125000 0.063250
1 0.399444 0.293250 0.138889 0.065500
1 0.253889 0.286250 0.138889 0.065500
29 0.854167 0.226875 0.190556 0.080250
29 0.667222 0.215750 0.162222 0.075000
1 0.512222 0.209375 0.126667 0.072750
1 0.373889 0.198125 0.145556 0.076250
1 0.243056 0.191500 0.138333 0.076500
1 0.086667 0.176875 0.150000 0.081250
