36 0.825625 0.602222 0.134250 0.204444
36 0.803625 0.785833 0.119250 0.200556
35 0.817875 0.384444 0.130250 0.207778
37 0.670375 0.788056 0.086750 0.158333
33 0.677875 0.462778 0.105250 0.165556
33 0.677125 0.631111 0.105250 0.165556
34 0.673500 0.280000 0.099500 0.171111
29 0.563000 0.818333 0.023000 0.106667
29 0.586500 0.701667 0.023000 0.106667
29 0.560500 0.702778 0.023000 0.106667
29 0.427750 0.260556 0.023000 0.106667
29 0.454750 0.272778 0.023000 0.106667
29 0.479250 0.280000 0.023000 0.106667
29 0.470500 0.139167 0.051000 0.113889
29 0.349750 0.248611 0.031000 0.113889
29 0.380750 0.125833 0.031000 0.113889
29 0.348250 0.123611 0.031000 0.113889
29 0.317250 0.131389 0.031000 0.113889
29 0.383500 0.379167 0.031000 0.113889
29 0.352750 0.381389 0.031000 0.113889
29 0.320750 0.376944 0.031000 0.113889
29 0.352500 0.494167 0.031000 0.113889
29 0.319750 0.498056 0.031000 0.113889
32 0.553625 0.448056 0.070250 0.123889
32 0.555625 0.174722 0.067750 0.159444
32 0.553875 0.316944 0.070250 0.123889
32 0.554125 0.574722 0.070250 0.123889
28 0.471625 0.711111 0.032750 0.096667
28 0.346875 0.617778 0.032750 0.096667
28 0.351375 0.856111 0.032750 0.096667
28 0.350875 0.747222 0.032750 0.096667
28 0.320375 0.733333 0.032750 0.096667
31 0.468500 0.845000 0.038500 0.107778
31 0.471500 0.601111 0.038500 0.107778
30 0.446625 0.389444 0.028750 0.100000
30 0.477125 0.384444 0.028750 0.100000
30 0.477375 0.490000 0.028750 0.100000
30 0.448625 0.491111 0.028750 0.100000
27 0.203250 0.266667 0.035500 0.121111
27 0.237750 0.138333 0.035500 0.121111
27 0.196750 0.130000 0.035500 0.121111
26 0.203875 0.393889 0.041250 0.123333
25 0.210625 0.883333 0.042250 0.124444
25 0.247875 0.631667 0.042250 0.124444
25 0.254125 0.753889 0.042250 0.124444
25 0.205625 0.640556 0.042250 0.124444
25 0.212125 0.765556 0.042250 0.124444
25 0.248375 0.389444 0.042250 0.124444
22 0.098250 0.896111 0.070000 0.145556
22 0.104750 0.737500 0.050500 0.145000
23 0.092250 0.606111 0.084500 0.141111
23 0.086750 0.470556 0.084500 0.141111
24 0.082250 0.328611 0.086500 0.138333
24 0.077250 0.185833 0.086500 0.138333
