22 0.102222 0.110000 0.147778 0.086000
23 0.389167 0.094000 0.155000 0.086500
24 0.811111 0.085125 0.162222 0.111750
22 0.252500 0.105000 0.136111 0.050500
23 0.528333 0.088250 0.137778 0.079000
24 0.669722 0.083000 0.136111 0.083000
25 0.118333 0.210000 0.117778 0.036500
25 0.360556 0.245500 0.117778 0.036500
25 0.241667 0.248500 0.117778 0.036500
25 0.362222 0.206750 0.117778 0.036500
25 0.240000 0.209500 0.117778 0.036500
25 0.609722 0.242625 0.113889 0.031750
26 0.608333 0.203500 0.113333 0.043000
27 0.735833 0.203875 0.117222 0.036250
27 0.861944 0.239125 0.117222 0.036250
27 0.869722 0.198750 0.119444 0.040000
28 0.264444 0.322750 0.117778 0.030500
28 0.381667 0.350750 0.117778 0.030500
28 0.257778 0.354250 0.117778 0.030500
28 0.142222 0.352000 0.117778 0.030500
28 0.285278 0.468625 0.108333 0.030750
29 0.495556 0.323000 0.114444 0.029500
29 0.622222 0.352500 0.114444 0.029500
29 0.620000 0.320750 0.114444 0.029500
29 0.496667 0.353500 0.114444 0.029500
29 0.627222 0.382750 0.114444 0.029500
29 0.500000 0.382500 0.114444 0.029500
29 0.880556 0.379000 0.114444 0.029500
29 0.871111 0.349250 0.114444 0.029500
29 0.867778 0.317750 0.114444 0.029500
29 0.750000 0.349250 0.114444 0.029500
29 0.732222 0.479000 0.104444 0.017500
29 0.727500 0.455750 0.118333 0.027000
29 0.743611 0.428000 0.097222 0.028000
29 0.865833 0.468000 0.118333 0.049500
30 0.505000 0.449125 0.096667 0.028250
30 0.512778 0.478125 0.096667 0.028250
30 0.622222 0.475625 0.096667 0.028250
30 0.615556 0.446875 0.096667 0.028250
29 0.295000 0.586750 0.095556 0.020000
29 0.304167 0.563875 0.102778 0.028250
29 0.180833 0.564500 0.113889 0.027000
31 0.164167 0.467625 0.106111 0.037250
31 0.395833 0.471000 0.100556 0.028000
32 0.417500 0.558000 0.137222 0.075000
32 0.546389 0.555750 0.137222 0.075000
32 0.685833 0.554750 0.137222 0.075000
32 0.826667 0.562625 0.152222 0.080750
33 0.371667 0.674875 0.166667 0.102250
33 0.540000 0.675125 0.166667 0.102250
34 0.717778 0.679500 0.156667 0.102500
35 0.613611 0.817000 0.201667 0.132000
36 0.398333 0.827000 0.205556 0.136500
36 0.207778 0.805500 0.188889 0.117000
37 0.207222 0.676875 0.152222 0.099250
27 0.735833 0.242375 0.117222 0.036250
