47 0.101216 0.819154 0.201374 0.153992
34 0.101480 0.669083 0.201903 0.142823
49 0.106237 0.509387 0.195560 0.164686
48 0.144820 0.384625 0.120507 0.093869
21 0.143763 0.269487 0.130021 0.111692
21 0.147199 0.172885 0.123150 0.092918
57 0.437104 0.152923 0.103594 0.072956
42 0.437368 0.375356 0.110465 0.090067
42 0.432875 0.478850 0.119450 0.094582
46 0.426797 0.575333 0.140063 0.096008
46 0.425740 0.673954 0.135835 0.096958
47 0.437896 0.778636 0.125264 0.104800
44 0.494715 0.874881 0.256871 0.083888
44 0.475159 0.957343 0.278013 0.085314
52 0.669397 0.076996 0.161205 0.153517
4 0.660412 0.221602 0.098837 0.087215
6 0.650634 0.324501 0.132135 0.092443
43 0.657770 0.420509 0.124207 0.092443
43 0.665433 0.526854 0.112051 0.094582
43 0.659619 0.633912 0.132135 0.093394
56 0.659091 0.760694 0.146934 0.132129
45 0.808932 0.838997 0.221459 0.061549
50 0.807347 0.917538 0.234144 0.095532
55 0.850423 0.752020 0.134249 0.099097
54 0.849101 0.664567 0.136892 0.073432
53 0.856237 0.581987 0.120507 0.084601
58 0.864165 0.406012 0.090909 0.081036
58 0.862315 0.495366 0.096723 0.083413
18 0.848044 0.329848 0.113636 0.072243
25 0.853594 0.236692 0.106765 0.084125
51 0.890592 0.107296 0.104651 0.120960
