40 0.753436 0.195461 0.147463 0.102424
41 0.619450 0.034696 0.228330 0.068916
29 0.737051 0.313332 0.096723 0.065827
29 0.827431 0.314401 0.084038 0.071293
29 0.827960 0.394487 0.089323 0.084125
6 0.737315 0.399715 0.096195 0.076046
18 0.733087 0.473503 0.091966 0.059648
18 0.820825 0.476830 0.084567 0.056797
18 0.732822 0.553588 0.088266 0.057272
18 0.815803 0.554183 0.077696 0.056559
18 0.731237 0.631298 0.089323 0.059173
18 0.820825 0.630941 0.088795 0.057034
30 0.898520 0.479800 0.083510 0.066065
18 0.728330 0.693916 0.087738 0.059411
18 0.811575 0.692609 0.081924 0.058222
6 0.893499 0.691421 0.084038 0.066302
21 0.721987 0.787429 0.079281 0.066302
21 0.801268 0.778279 0.083510 0.063213
21 0.717759 0.858365 0.073996 0.052281
42 0.720402 0.934529 0.081395 0.066302
31 0.500793 0.322837 0.081924 0.072956
31 0.422040 0.319035 0.081924 0.072956
29 0.428911 0.410528 0.084038 0.070580
30 0.508192 0.409221 0.071353 0.066540
30 0.426533 0.479919 0.078224 0.058222
30 0.512685 0.482177 0.079281 0.065589
30 0.424419 0.558460 0.073996 0.064639
30 0.508985 0.558222 0.079281 0.069392
32 0.464588 0.626663 0.158562 0.059886
33 0.420190 0.704254 0.076110 0.070105
33 0.498414 0.709244 0.080338 0.068679
34 0.413319 0.827709 0.073996 0.122624
34 0.551268 0.792300 0.061311 0.105513
39 0.248414 0.920271 0.041226 0.078660
39 0.205074 0.918607 0.041226 0.081987
39 0.123679 0.950214 0.042283 0.084363
38 0.127643 0.724810 0.053383 0.064639
38 0.186575 0.720770 0.048626 0.071293
38 0.127907 0.644962 0.057082 0.062738
19 0.242072 0.720889 0.059197 0.063926
38 0.188425 0.552400 0.058668 0.065827
19 0.127643 0.553351 0.059725 0.063451
19 0.287791 0.619653 0.043869 0.052519
37 0.139535 0.475048 0.094080 0.079373
37 0.223044 0.475998 0.063425 0.074144
36 0.150370 0.396507 0.087209 0.064401
36 0.152748 0.331155 0.090909 0.064876
36 0.234408 0.322362 0.080867 0.060124
35 0.217495 0.203422 0.174947 0.117395
