43 0.366801 0.659355 0.098622 0.133721
43 0.579016 0.647199 0.095295 0.137949
6 0.675618 0.652220 0.093631 0.134249
4 0.772338 0.648520 0.091255 0.123679
18 0.671459 0.842495 0.073907 0.123679
44 0.122861 0.495772 0.087928 0.262156
45 0.162785 0.809461 0.068916 0.224630
17 0.471958 0.661998 0.095532 0.121036
44 0.044083 0.479123 0.087690 0.285941
25 0.762120 0.849894 0.084125 0.100423
46 0.423836 0.425740 0.094344 0.139006
46 0.326759 0.426533 0.096483 0.134249
47 0.214472 0.435518 0.098146 0.114165
42 0.521031 0.433932 0.094819 0.118393
42 0.624762 0.432875 0.091730 0.112051
21 0.829254 0.147199 0.081036 0.126321
21 0.828779 0.146142 0.081036 0.126321
21 0.736336 0.145613 0.100048 0.127378
48 0.616445 0.145877 0.087452 0.121564
49 0.488356 0.109672 0.161122 0.190803
34 0.330086 0.103330 0.144011 0.202431
47 0.179301 0.101480 0.164686 0.201903
50 0.083175 0.816068 0.086977 0.221987
51 0.895794 0.887421 0.108127 0.104651
52 0.913617 0.676533 0.148051 0.153277
53 0.416944 0.868129 0.083413 0.089323
54 0.338047 0.849366 0.067253 0.131078
55 0.252971 0.851480 0.090067 0.122622
56 0.236454 0.658827 0.136882 0.134778
57 0.839948 0.436047 0.080561 0.103594
58 0.504278 0.865751 0.084601 0.093023
58 0.593394 0.864693 0.082224 0.086681
