30 0.132928 0.333888 0.104123 0.071293
31 0.144556 0.667063 0.124207 0.086977
30 0.160677 0.506298 0.141649 0.081511
30 0.234937 0.422766 0.104123 0.071293
30 0.133721 0.424311 0.102537 0.083888
30 0.239693 0.331274 0.104123 0.071293
30 0.236522 0.254990 0.104123 0.071293
30 0.136628 0.253802 0.104123 0.071293
31 0.260835 0.652567 0.124207 0.086977
31 0.251057 0.748337 0.099366 0.086027
31 0.149049 0.755941 0.099366 0.086027
38 0.140328 0.948075 0.112579 0.091968
38 0.145613 0.857058 0.112579 0.091968
38 0.247886 0.939520 0.088795 0.092918
33 0.503964 0.846364 0.095666 0.081511
33 0.605444 0.853493 0.095666 0.081511
33 0.505550 0.938332 0.095666 0.081511
34 0.573996 0.769487 0.223044 0.079373
32 0.556025 0.685599 0.196617 0.067490
32 0.556554 0.615257 0.196617 0.067490
35 0.510571 0.544083 0.128964 0.115732
35 0.623943 0.536835 0.093552 0.081749
36 0.522727 0.402685 0.126850 0.144724
36 0.648520 0.402210 0.126850 0.144724
37 0.916755 0.450570 0.135835 0.150190
19 0.915698 0.605276 0.135835 0.150190
