30 0.505466 0.844345 0.078422 0.145349
31 0.650903 0.738636 0.096483 0.097780
31 0.660409 0.850687 0.096008 0.117865
30 0.430133 0.745243 0.088878 0.140592
30 0.418607 0.869979 0.085789 0.110994
30 0.333175 0.865222 0.082224 0.101480
30 0.332462 0.755285 0.082224 0.101480
30 0.251782 0.740751 0.081036 0.148520
30 0.249406 0.863636 0.080561 0.096195
31 0.745128 0.738108 0.099572 0.128436
31 0.753683 0.851480 0.090067 0.106765
32 0.685361 0.442389 0.069392 0.197674
32 0.615257 0.440803 0.069392 0.197674
33 0.855394 0.394027 0.089116 0.095666
33 0.848978 0.490751 0.089116 0.095666
33 0.939045 0.491279 0.089116 0.095666
34 0.769130 0.434461 0.083888 0.201903
35 0.537666 0.487579 0.118584 0.134778
35 0.534221 0.373679 0.074144 0.087738
36 0.397814 0.483087 0.148289 0.125793
36 0.403042 0.358615 0.149240 0.119979
37 0.446055 0.089588 0.142586 0.125264
19 0.598622 0.094609 0.142110 0.125793
38 0.849453 0.854915 0.104800 0.133721
38 0.945699 0.866015 0.084838 0.098837
38 0.940233 0.760835 0.084838 0.098837
