30 0.760571 0.670271 0.117336 0.083413
31 0.719345 0.351830 0.140592 0.087690
31 0.865222 0.345413 0.140592 0.087690
31 0.855180 0.244059 0.116279 0.089354
31 0.738901 0.249049 0.116279 0.094106
30 0.870772 0.670390 0.102008 0.081749
30 0.866015 0.750238 0.102008 0.081749
30 0.738901 0.746911 0.143763 0.080323
30 0.741543 0.572719 0.143763 0.080323
30 0.867865 0.580442 0.104651 0.081987
30 0.852801 0.495604 0.150634 0.076759
32 0.440803 0.314520 0.188161 0.069154
32 0.446089 0.385337 0.188161 0.069154
34 0.433668 0.234434 0.209831 0.084838
33 0.396406 0.148289 0.108879 0.090779
33 0.493393 0.151022 0.090381 0.085789
33 0.489165 0.058579 0.090381 0.085789
35 0.492336 0.458650 0.122093 0.106939
35 0.381078 0.463047 0.089852 0.076283
36 0.479915 0.604682 0.120507 0.127139
36 0.353594 0.597552 0.120507 0.127139
37 0.092230 0.553826 0.115751 0.151378
19 0.097516 0.401616 0.112579 0.141160
38 0.863901 0.054777 0.095666 0.087690
38 0.845137 0.146863 0.134249 0.096483
38 0.745243 0.061787 0.134249 0.096483
