22 0.606237 0.419677 0.273784 0.076521
76 0.900634 0.370010 0.198732 0.068916
42 0.866279 0.107058 0.229387 0.143298
22 0.630021 0.342087 0.279070 0.086264
77 0.215116 0.272933 0.429175 0.136169
77 0.218552 0.428826 0.436047 0.055371
77 0.223044 0.364663 0.436575 0.055371
77 0.218552 0.477543 0.436047 0.055371
77 0.219345 0.643061 0.434461 0.058935
78 0.200317 0.573788 0.396406 0.081036
79 0.180497 0.697362 0.359937 0.049667
80 0.585095 0.497624 0.247357 0.079848
80 0.566332 0.558460 0.245772 0.061787
81 0.585095 0.617514 0.122622 0.056321
82 0.500793 0.740613 0.214059 0.058222
83 0.868393 0.438213 0.179704 0.064639
84 0.848044 0.509981 0.187632 0.074620
85 0.809461 0.561431 0.172833 0.077709
85 0.792812 0.618702 0.168076 0.049667
86 0.813161 0.252376 0.155920 0.118821
