30 0.668489 0.137421 0.075095 0.105708
31 0.338878 0.149577 0.095057 0.119450
30 0.667300 0.240486 0.075095 0.105708
30 0.754990 0.242600 0.075095 0.105708
30 0.751188 0.127378 0.075095 0.105708
30 0.591492 0.124736 0.075095 0.105708
30 0.583175 0.234672 0.075095 0.105708
30 0.497861 0.150370 0.080323 0.151691
31 0.247148 0.144820 0.095057 0.119450
31 0.252139 0.254757 0.095057 0.119450
31 0.348384 0.267442 0.095057 0.119450
38 0.056678 0.133192 0.093394 0.114165
38 0.151972 0.154863 0.094819 0.125793
38 0.063094 0.252378 0.105276 0.114693
33 0.150547 0.516121 0.094344 0.095666
33 0.056440 0.515063 0.094344 0.095666
33 0.144130 0.608087 0.094344 0.095666
34 0.232652 0.567918 0.086502 0.196089
32 0.316183 0.565539 0.074382 0.208245
32 0.390803 0.564482 0.074382 0.208245
35 0.457224 0.508457 0.103612 0.127907
35 0.466136 0.628700 0.079610 0.095666
36 0.605276 0.522199 0.131179 0.117336
36 0.594106 0.642178 0.131179 0.117336
37 0.553470 0.913584 0.151616 0.112579
19 0.400071 0.906712 0.145675 0.112579
