26 0.115000 0.137625 0.070000 0.060750
26 0.188889 0.136625 0.070000 0.060750
25 0.123333 0.198750 0.064444 0.054500
25 0.188889 0.197500 0.064444 0.054500
24 0.180000 0.251875 0.073333 0.048250
24 0.255000 0.252625 0.073333 0.048250
25 0.252778 0.201500 0.064444 0.054500
26 0.258333 0.144625 0.065556 0.054750
23 0.182500 0.305000 0.069444 0.048000
23 0.114167 0.302000 0.069444 0.048000
23 0.253056 0.305500 0.068333 0.053500
22 0.107500 0.403125 0.077222 0.047750
22 0.184167 0.406125 0.077222 0.047750
22 0.249722 0.407875 0.065000 0.046250
22 0.249722 0.360375 0.065000 0.046250
22 0.180278 0.356750 0.075000 0.047000
22 0.101944 0.354000 0.075000 0.047000
21 0.116389 0.455000 0.070556 0.048500
21 0.249167 0.458500 0.070556 0.048500
21 0.181389 0.458000 0.070556 0.048500
20 0.176389 0.508875 0.072778 0.049250
20 0.103611 0.507375 0.072778 0.049250
20 0.247500 0.510375 0.072778 0.049250
19 0.170833 0.564500 0.069444 0.051000
19 0.239167 0.567000 0.069444 0.051000
18 0.118889 0.615625 0.072222 0.054750
18 0.187778 0.620875 0.072222 0.054750
18 0.246389 0.615500 0.047222 0.044000
17 0.177778 0.668625 0.070000 0.046250
17 0.107222 0.669375 0.072222 0.050750
17 0.239167 0.667375 0.056111 0.047750
16 0.171667 0.719375 0.054444 0.040750
16 0.108889 0.716875 0.064444 0.040250
16 0.231667 0.719625 0.064444 0.040250
15 0.099444 0.762750 0.068889 0.052000
15 0.167222 0.764625 0.065556 0.047250
15 0.232500 0.763375 0.067222 0.041750
20 0.228333 0.815250 0.062222 0.045000
20 0.170278 0.805375 0.051667 0.037750
20 0.112222 0.800750 0.057778 0.028000
31 0.393056 0.204625 0.060556 0.061750
31 0.460278 0.207625 0.060556 0.061750
31 0.524167 0.210625 0.060556 0.061750
32 0.390556 0.263500 0.066667 0.055500
32 0.457778 0.270500 0.066667 0.055500
32 0.523333 0.270750 0.066667 0.055500
33 0.387222 0.321750 0.072222 0.056000
33 0.455833 0.325375 0.059444 0.053750
33 0.515278 0.328375 0.059444 0.053750
34 0.447222 0.381375 0.064444 0.050250
34 0.511667 0.382125 0.064444 0.050250
35 0.500000 0.435125 0.056667 0.053750
36 0.502222 0.488875 0.057778 0.050750
36 0.426667 0.484875 0.057778 0.050750
36 0.371667 0.484125 0.057778 0.050750
37 0.501944 0.539000 0.058333 0.044000
37 0.437500 0.542000 0.063889 0.046000
37 0.371389 0.532500 0.056111 0.046000
38 0.501944 0.591500 0.041667 0.055500
38 0.449444 0.595375 0.056667 0.055250
38 0.392778 0.587625 0.056667 0.055250
38 0.336944 0.585000 0.051667 0.053500
39 0.495833 0.639500 0.052778 0.041500
39 0.440278 0.642375 0.055000 0.043250
39 0.386667 0.646750 0.056667 0.037500
40 0.491389 0.696750 0.062778 0.042500
40 0.438889 0.697000 0.051111 0.041500
40 0.381944 0.697625 0.059444 0.042750
41 0.483333 0.746500 0.075556 0.044500
41 0.415556 0.743375 0.056667 0.042750
41 0.353056 0.740875 0.072778 0.041750
42 0.482222 0.789500 0.064444 0.043000
42 0.350556 0.790750 0.064444 0.043000
42 0.418333 0.788000 0.064444 0.043000
43 0.476944 0.831250 0.062778 0.041500
43 0.416667 0.833875 0.061111 0.044250
44 0.411389 0.884000 0.061667 0.045000
44 0.473056 0.881500 0.061667 0.045000
27 0.724167 0.177375 0.062778 0.086750
27 0.790278 0.178125 0.062778 0.086750
27 0.662222 0.168375 0.065556 0.059750
27 0.525556 0.153750 0.065556 0.048500
28 0.714444 0.260250 0.057778 0.074000
28 0.779722 0.264250 0.072778 0.077000
28 0.651389 0.261750 0.072778 0.077000
29 0.703889 0.343625 0.065556 0.073750
29 0.642222 0.343625 0.065556 0.073750
29 0.764444 0.343375 0.065556 0.073750
30 0.627500 0.419500 0.078333 0.073000
30 0.695000 0.418625 0.062222 0.071250
30 0.759444 0.416875 0.070000 0.071750
45 0.747222 0.487000 0.074444 0.062000
45 0.680278 0.485750 0.068333 0.055000
46 0.675000 0.546500 0.060000 0.055000
46 0.742222 0.548250 0.067778 0.055000
47 0.610556 0.594125 0.053333 0.051750
47 0.675000 0.599250 0.065556 0.046500
47 0.739444 0.599500 0.065556 0.046500
48 0.613889 0.644750 0.063333 0.047500
48 0.680556 0.647000 0.063333 0.047500
48 0.736944 0.648000 0.041667 0.049000
49 0.662500 0.691500 0.070556 0.043500
49 0.727778 0.694625 0.056667 0.045250
50 0.706667 0.737875 0.036667 0.036750
51 0.712222 0.775750 0.053333 0.036000
52 0.707778 0.816625 0.062222 0.041750
53 0.701667 0.860750 0.060000 0.039000
53 0.696111 0.899875 0.063333 0.036750
54 0.689444 0.940250 0.058889 0.045500
33 0.908333 0.269250 0.104444 0.060000
25 0.903056 0.333125 0.088333 0.063250
25 0.888056 0.398125 0.088333 0.063250
24 0.966389 0.462250 0.067222 0.058000
55 0.851389 0.512875 0.053889 0.049750
55 0.903889 0.515750 0.057778 0.049500
55 0.963333 0.516250 0.057778 0.049500
