68 0.893611 0.738875 0.088333 0.028750
68 0.349167 0.685875 0.088333 0.028750
68 0.440833 0.683625 0.088333 0.028750
68 0.346944 0.710625 0.088333 0.028750
68 0.354167 0.734875 0.088333 0.028750
68 0.536389 0.734125 0.088333 0.028750
68 0.538889 0.709375 0.090000 0.024750
68 0.713333 0.711625 0.090000 0.024250
68 0.435833 0.709875 0.088333 0.028750
68 0.801944 0.713875 0.088333 0.028750
68 0.437500 0.735375 0.088333 0.028750
68 0.539167 0.686625 0.088333 0.028750
68 0.622778 0.733500 0.082222 0.024500
68 0.629444 0.711750 0.074444 0.023500
68 0.633056 0.688125 0.088333 0.028750
68 0.708611 0.737125 0.088333 0.028750
68 0.812778 0.690250 0.086667 0.025500
68 0.720833 0.690750 0.085000 0.027000
68 0.899167 0.714625 0.088333 0.023750
68 0.902778 0.691125 0.085556 0.027750
68 0.798889 0.737875 0.084444 0.026750
67 0.268056 0.733500 0.070556 0.025000
67 0.083611 0.685500 0.070556 0.025000
67 0.083889 0.732250 0.084444 0.026000
67 0.078611 0.707000 0.070556 0.025000
67 0.182500 0.730000 0.070556 0.025000
67 0.172500 0.685000 0.070556 0.025000
67 0.172500 0.707000 0.070556 0.025000
67 0.266389 0.708250 0.070556 0.025000
67 0.259167 0.685000 0.070556 0.025000
66 0.510556 0.648375 0.082222 0.016750
66 0.604444 0.646875 0.082222 0.016750
66 0.428333 0.647125 0.082222 0.016750
66 0.346667 0.647375 0.082222 0.016750
66 0.257222 0.644375 0.082222 0.016750
66 0.599444 0.626125 0.082222 0.016750
66 0.080000 0.642375 0.082222 0.016750
66 0.426667 0.623375 0.082222 0.016750
66 0.341111 0.621875 0.082222 0.016750
66 0.253333 0.622125 0.082222 0.016750
66 0.176667 0.621625 0.082222 0.016750
66 0.095000 0.624125 0.082222 0.016750
66 0.093889 0.600625 0.082222 0.016750
66 0.175000 0.600125 0.082222 0.016750
66 0.260000 0.599625 0.082222 0.016750
66 0.337222 0.599875 0.082222 0.016750
66 0.428889 0.601125 0.082222 0.016750
66 0.501667 0.621875 0.082222 0.016750
66 0.592778 0.601375 0.082222 0.016750
66 0.503889 0.602625 0.082222 0.016750
66 0.177778 0.645875 0.082222 0.016750
65 0.763889 0.604875 0.084444 0.023250
65 0.946111 0.653625 0.084444 0.023250
65 0.856667 0.653375 0.084444 0.023250
65 0.766667 0.652625 0.084444 0.023250
65 0.947222 0.628125 0.084444 0.023250
65 0.857778 0.630375 0.084444 0.023250
65 0.942778 0.605875 0.084444 0.023250
65 0.857222 0.605375 0.084444 0.023250
65 0.767778 0.630875 0.084444 0.023250
25 0.787500 0.523750 0.083889 0.021000
25 0.959167 0.549875 0.081667 0.021750
25 0.873056 0.568500 0.083889 0.021000
25 0.876389 0.524000 0.083889 0.021000
25 0.779722 0.569250 0.083889 0.021000
25 0.871944 0.548000 0.083889 0.021000
25 0.964444 0.527125 0.071111 0.022250
25 0.783056 0.545250 0.083889 0.021000
25 0.693611 0.547000 0.083889 0.021000
25 0.703056 0.521500 0.083889 0.021000
25 0.959167 0.571875 0.081667 0.021750
60 0.578056 0.567125 0.100556 0.024250
60 0.472222 0.543000 0.114444 0.018500
60 0.471667 0.521875 0.115556 0.021250
60 0.591667 0.522875 0.114444 0.019250
60 0.591667 0.543125 0.110000 0.022250
60 0.474167 0.563625 0.100556 0.024250
62 0.363333 0.522625 0.102222 0.022250
62 0.360556 0.565375 0.107778 0.024750
62 0.361111 0.541125 0.102222 0.022250
64 0.255000 0.522625 0.086667 0.023750
64 0.150000 0.568375 0.086667 0.023750
64 0.163889 0.546125 0.086667 0.023750
64 0.157222 0.521125 0.086667 0.023750
64 0.261111 0.545125 0.086667 0.023750
24 0.066389 0.551125 0.101667 0.030750
24 0.063056 0.522875 0.095000 0.023250
59 0.138333 0.482250 0.083333 0.025500
59 0.586667 0.484750 0.083333 0.025500
59 0.589444 0.459500 0.083333 0.025500
59 0.495556 0.457000 0.083333 0.025500
59 0.410556 0.458250 0.083333 0.025500
59 0.320556 0.458000 0.083333 0.025500
59 0.228889 0.457500 0.083333 0.025500
59 0.138889 0.459500 0.083333 0.025500
59 0.687222 0.484000 0.083333 0.025500
59 0.681667 0.457000 0.083333 0.025500
59 0.930278 0.256375 0.090556 0.018750
59 0.410556 0.484500 0.083333 0.025500
59 0.322778 0.481250 0.083333 0.025500
59 0.229444 0.481750 0.083333 0.025500
58 0.773333 0.461500 0.077778 0.021500
58 0.957778 0.484250 0.077778 0.021500
58 0.857778 0.482750 0.077778 0.021500
58 0.953333 0.460250 0.077778 0.021500
58 0.855556 0.462250 0.077778 0.021500
58 0.773889 0.484000 0.077778 0.021500
59 0.492778 0.485000 0.083333 0.025500
59 0.950556 0.281000 0.083333 0.025500
17 0.226111 0.397625 0.085556 0.020750
17 0.118333 0.420625 0.085556 0.020750
17 0.126111 0.397375 0.085556 0.020750
56 0.313611 0.395875 0.078333 0.018750
56 0.129167 0.334625 0.078333 0.018750
56 0.120556 0.358625 0.071111 0.025750
56 0.399167 0.420125 0.078333 0.018750
56 0.478611 0.420125 0.078333 0.018750
56 0.549722 0.418625 0.078333 0.018750
56 0.546944 0.397625 0.078333 0.018750
56 0.472222 0.399625 0.063333 0.019750
56 0.395000 0.397000 0.068889 0.019500
56 0.309722 0.419125 0.078333 0.018750
19 0.643611 0.399125 0.081667 0.021750
19 0.941944 0.422375 0.081667 0.021750
19 0.939722 0.398875 0.081667 0.021750
19 0.841944 0.419375 0.081667 0.021750
19 0.749722 0.419625 0.081667 0.021750
19 0.839167 0.398875 0.081667 0.021750
19 0.738611 0.397125 0.081667 0.021750
19 0.641111 0.421375 0.082222 0.018250
18 0.581389 0.356625 0.081667 0.023250
18 0.675833 0.335375 0.081667 0.023250
18 0.377222 0.304375 0.080000 0.016750
18 0.281389 0.304625 0.086111 0.015250
18 0.378611 0.284375 0.081667 0.023250
18 0.276389 0.285375 0.081667 0.023250
18 0.376389 0.266375 0.081667 0.023250
18 0.275833 0.265375 0.081667 0.023250
18 0.298611 0.357375 0.081667 0.023250
18 0.582500 0.332750 0.092778 0.021500
18 0.488056 0.357750 0.090556 0.024000
18 0.487500 0.334625 0.081667 0.023250
18 0.395833 0.333625 0.082778 0.015250
18 0.303611 0.334750 0.085000 0.018500
18 0.202500 0.356125 0.081667 0.023250
18 0.212500 0.334875 0.081667 0.023250
18 0.398611 0.356000 0.090556 0.024000
18 0.774722 0.335875 0.081667 0.023250
18 0.678889 0.357750 0.092222 0.025000
57 0.776389 0.357375 0.078333 0.021750
57 0.948056 0.358125 0.078333 0.021750
57 0.858611 0.357875 0.078333 0.021750
57 0.947500 0.335125 0.078333 0.021750
57 0.859167 0.334375 0.078333 0.021750
63 0.181667 0.281750 0.084444 0.020500
63 0.180556 0.263500 0.084444 0.020500
20 0.490000 0.265125 0.082222 0.020250
20 0.687778 0.280625 0.082222 0.020250
20 0.683333 0.260875 0.082222 0.020250
20 0.580000 0.301375 0.082222 0.020250
20 0.589722 0.284125 0.091667 0.018750
20 0.586667 0.265875 0.082222 0.020250
20 0.480556 0.303875 0.085556 0.017250
20 0.486667 0.284625 0.082222 0.020250
20 0.677778 0.301625 0.082222 0.020250
61 0.822500 0.293250 0.140556 0.031000
61 0.825000 0.270875 0.130000 0.013750
61 0.807500 0.258000 0.127222 0.010500
69 0.057222 0.293625 0.112222 0.020750
69 0.054444 0.277000 0.101111 0.008500
69 0.054444 0.266500 0.101111 0.008500
69 0.053333 0.257500 0.101111 0.008500
