71 0.882125 0.306389 0.051250 0.291667
71 0.828250 0.316944 0.054000 0.293889
72 0.879000 0.600000 0.050000 0.285556
72 0.878500 0.598889 0.050000 0.285556
72 0.828375 0.608889 0.050250 0.283333
73 0.934250 0.869444 0.047500 0.261111
73 0.884125 0.873333 0.052250 0.253333
73 0.833500 0.879722 0.050000 0.240556
74 0.720375 0.770833 0.084750 0.161667
74 0.720875 0.930833 0.080750 0.138333
75 0.715500 0.618333 0.079000 0.135556
76 0.694625 0.457778 0.041250 0.167778
77 0.696375 0.233889 0.048250 0.274444
70 0.630250 0.182778 0.043500 0.166667
70 0.587500 0.189444 0.043000 0.164444
70 0.632625 0.352778 0.048250 0.166667
70 0.587250 0.356111 0.044500 0.163333
15 0.632875 0.508889 0.043750 0.140000
15 0.589375 0.514167 0.043250 0.136111
15 0.592375 0.676667 0.042250 0.135556
20 0.634750 0.864722 0.045500 0.168333
20 0.591500 0.865833 0.042500 0.146111
19 0.465125 0.073056 0.037750 0.141667
19 0.508750 0.241944 0.043500 0.149444
19 0.467250 0.241667 0.039500 0.151111
18 0.506375 0.406111 0.033250 0.146667
18 0.468750 0.410833 0.039500 0.153889
18 0.469500 0.572778 0.040000 0.156667
16 0.513750 0.881667 0.042500 0.130000
16 0.474125 0.896944 0.041750 0.130556
16 0.470000 0.746389 0.037500 0.130556
79 0.363250 0.071389 0.028500 0.141667
79 0.333125 0.069167 0.030250 0.137222
79 0.392500 0.236111 0.031500 0.154444
79 0.362500 0.255000 0.027000 0.153333
79 0.334250 0.245000 0.028000 0.143333
78 0.404750 0.410278 0.037000 0.146111
78 0.407125 0.568889 0.033750 0.140000
78 0.370375 0.416111 0.029250 0.134444
78 0.336875 0.421667 0.028750 0.135556
78 0.372125 0.572500 0.030750 0.138333
78 0.339125 0.573056 0.030750 0.139444
81 0.249125 0.573056 0.062750 0.146111
82 0.229500 0.400556 0.037000 0.170000
82 0.265375 0.398611 0.034750 0.167222
55 0.221875 0.230556 0.032750 0.135556
55 0.274125 0.232500 0.032250 0.123889
55 0.230875 0.090278 0.032750 0.121667
55 0.263125 0.082778 0.032750 0.134444
83 0.140750 0.140833 0.105000 0.143889
83 0.145500 0.304167 0.099500 0.153889
84 0.151375 0.469167 0.092750 0.168333
84 0.142125 0.655278 0.114750 0.185000
