70 0.149500 0.558056 0.061500 0.248333
70 0.215500 0.563056 0.061500 0.248333
70 0.086000 0.552500 0.061500 0.248333
70 0.081750 0.805833 0.061500 0.248333
70 0.142250 0.813611 0.061500 0.248333
70 0.214000 0.819167 0.061500 0.248333
70 0.092750 0.309167 0.061500 0.248333
70 0.149250 0.301389 0.061500 0.248333
70 0.218250 0.313056 0.061500 0.248333
70 0.090125 0.088056 0.058750 0.175000
70 0.148875 0.094444 0.060750 0.187778
70 0.219375 0.094444 0.066750 0.187778
125 0.369625 0.566944 0.060750 0.233889
125 0.430125 0.565833 0.060750 0.233889
125 0.314625 0.550833 0.049250 0.237222
125 0.369625 0.808611 0.060750 0.233889
125 0.432375 0.809722 0.060750 0.233889
125 0.438375 0.101111 0.062750 0.201111
125 0.373375 0.099167 0.060250 0.197222
125 0.434875 0.334167 0.060750 0.233889
125 0.371625 0.319167 0.060750 0.233889
125 0.316625 0.317500 0.049250 0.237222
125 0.312625 0.788611 0.049250 0.237222
125 0.319625 0.094167 0.044750 0.187222
15 0.572750 0.581944 0.063500 0.192778
15 0.636750 0.579167 0.063500 0.192778
15 0.634250 0.798056 0.063500 0.192778
15 0.573750 0.796944 0.063500 0.192778
15 0.636750 0.179167 0.063500 0.192778
15 0.574750 0.179722 0.063500 0.192778
15 0.635000 0.373056 0.063500 0.192778
15 0.570250 0.378056 0.063500 0.192778
15 0.520750 0.791944 0.042500 0.192778
62 0.775000 0.499444 0.062500 0.305556
62 0.770750 0.794444 0.062000 0.275556
62 0.829375 0.785833 0.053750 0.272778
62 0.831875 0.496667 0.052250 0.275556
240 0.789375 0.123611 0.123250 0.145000
240 0.790625 0.269167 0.123250 0.145000
241 0.946000 0.705000 0.102500 0.315556
242 0.947375 0.368611 0.105250 0.261667
242 0.946375 0.113056 0.107250 0.225000
