71 0.682222 0.829000 0.295556 0.050500
71 0.691389 0.881000 0.291667 0.051000
72 0.387778 0.829500 0.293333 0.049500
72 0.396667 0.880875 0.287778 0.046750
73 0.120278 0.832750 0.239444 0.050500
73 0.129167 0.932750 0.257222 0.046000
73 0.123333 0.884000 0.245556 0.050000
74 0.066111 0.720250 0.131111 0.077500
74 0.227222 0.720375 0.163333 0.081750
75 0.377778 0.713750 0.128889 0.074500
76 0.539167 0.695375 0.156111 0.037750
77 0.763889 0.696000 0.276667 0.045000
70 0.817222 0.630750 0.165556 0.041500
70 0.808889 0.586750 0.165556 0.043500
70 0.644444 0.586875 0.163333 0.045250
70 0.646667 0.632500 0.165556 0.048000
15 0.483056 0.589625 0.136111 0.042250
15 0.491389 0.633875 0.136111 0.042250
15 0.324722 0.593125 0.136111 0.042250
20 0.131944 0.591000 0.152778 0.040500
20 0.134444 0.635375 0.166667 0.047250
16 0.105000 0.472625 0.131111 0.037750
16 0.116111 0.513625 0.125556 0.040750
16 0.251389 0.470000 0.126111 0.036000
18 0.422778 0.469875 0.160000 0.038750
18 0.590833 0.469125 0.155000 0.039250
18 0.583611 0.507000 0.157222 0.034000
19 0.752500 0.467875 0.157222 0.038750
19 0.757500 0.510250 0.151667 0.042500
19 0.925000 0.466000 0.150000 0.037000
80 0.286667 0.383250 0.126667 0.061000
78 0.421667 0.338125 0.137778 0.030250
78 0.577500 0.338125 0.136111 0.028250
78 0.580000 0.370000 0.137778 0.030500
78 0.423889 0.371875 0.143333 0.029750
78 0.585000 0.405250 0.142222 0.034500
78 0.429167 0.407375 0.141667 0.030750
79 0.760000 0.391750 0.160000 0.030000
79 0.922778 0.363250 0.154444 0.028500
79 0.921667 0.362750 0.154444 0.028500
79 0.927778 0.332375 0.144444 0.029250
79 0.749722 0.333125 0.149444 0.027750
79 0.746667 0.362625 0.153333 0.027750
81 0.424167 0.248500 0.145000 0.060500
82 0.596389 0.230875 0.171667 0.028750
82 0.595278 0.263500 0.173889 0.037000
55 0.767778 0.221750 0.138889 0.032000
55 0.766944 0.273500 0.129444 0.032000
55 0.906944 0.231250 0.127222 0.032500
55 0.912500 0.264250 0.137222 0.036500
83 0.854167 0.141250 0.146111 0.106500
83 0.695556 0.145750 0.154444 0.102500
84 0.341667 0.142750 0.184444 0.114000
84 0.529722 0.150125 0.167222 0.093750
