216 0.837375 0.082500 0.058750 0.101667
216 0.836375 0.183889 0.057250 0.094444
216 0.838875 0.272222 0.063250 0.111111
216 0.834875 0.374444 0.053750 0.098889
216 0.734875 0.116111 0.052250 0.097778
216 0.732500 0.208333 0.048000 0.084444
216 0.733625 0.292500 0.050250 0.081667
216 0.737125 0.379722 0.053750 0.095000
214 0.833000 0.916667 0.045500 0.108889
214 0.759375 0.891389 0.058250 0.103889
217 0.738375 0.480556 0.055750 0.113333
217 0.738000 0.594722 0.054500 0.105000
217 0.740375 0.693056 0.057750 0.095000
217 0.736875 0.792500 0.049250 0.102778
218 0.656250 0.145000 0.063000 0.133333
218 0.654125 0.281944 0.057750 0.138333
218 0.654375 0.405556 0.057750 0.115556
218 0.656500 0.523611 0.062500 0.122778
218 0.657875 0.655278 0.063250 0.128333
212 0.672875 0.883333 0.056250 0.092222
216 0.574375 0.139167 0.063250 0.155000
216 0.577500 0.600278 0.062500 0.147222
217 0.577375 0.754167 0.061750 0.121667
210 0.592250 0.878056 0.058500 0.108333
206 0.431875 0.895556 0.052750 0.100000
219 0.506500 0.889444 0.046500 0.124444
220 0.468250 0.560556 0.066500 0.112222
220 0.467000 0.675833 0.066000 0.131667
220 0.465375 0.787778 0.061250 0.104444
216 0.477125 0.122778 0.089250 0.153333
216 0.478375 0.271389 0.093250 0.141667
216 0.478750 0.431389 0.093000 0.165000
221 0.377500 0.540833 0.073000 0.119444
221 0.381625 0.654722 0.065750 0.109444
221 0.378000 0.772222 0.072000 0.130000
221 0.342500 0.890833 0.051500 0.081667
221 0.236750 0.881111 0.066000 0.106667
216 0.265875 0.160556 0.110750 0.188889
216 0.263000 0.354722 0.118000 0.196111
222 0.261500 0.548333 0.110000 0.182222
222 0.261000 0.547222 0.110000 0.182222
222 0.261875 0.733611 0.115250 0.186111
223 0.836000 0.466111 0.055000 0.097778
223 0.839250 0.566667 0.058000 0.097778
223 0.836000 0.661111 0.050000 0.102222
223 0.837125 0.791667 0.054750 0.094444
