97 0.616389 0.524750 0.087222 0.050500
95 0.453333 0.662625 0.092222 0.048250
99 0.421389 0.747750 0.090556 0.063000
98 0.859722 0.756750 0.077222 0.048500
97 0.391389 0.523625 0.088333 0.051750
97 0.309444 0.521500 0.081111 0.048000
97 0.338611 0.457250 0.079444 0.047500
97 0.416389 0.458125 0.076111 0.045250
97 0.493333 0.459000 0.075556 0.046500
97 0.702778 0.525375 0.081111 0.046750
97 0.644444 0.394250 0.086667 0.045500
97 0.482500 0.391875 0.085000 0.046750
97 0.395556 0.390500 0.085556 0.049000
95 0.448056 0.589000 0.085000 0.044000
95 0.534722 0.589125 0.081667 0.042750
95 0.272778 0.658125 0.095556 0.053250
95 0.362500 0.660625 0.088333 0.046750
95 0.703611 0.662125 0.073889 0.046250
99 0.520833 0.745375 0.091667 0.059750
99 0.719444 0.742000 0.100000 0.059000
99 0.617222 0.750250 0.100000 0.059000
99 0.326944 0.745500 0.096111 0.054000
98 0.944167 0.758500 0.076111 0.049000
95 0.702222 0.592250 0.080000 0.043000
200 0.221389 0.752875 0.083889 0.051750
200 0.136111 0.754125 0.085556 0.042250
200 0.056111 0.753875 0.091111 0.045750
202 0.798611 0.669000 0.091667 0.048000
202 0.877778 0.669000 0.084444 0.049000
204 0.878889 0.593250 0.087778 0.049500
204 0.963611 0.594625 0.072778 0.046750
208 0.938889 0.528750 0.087778 0.049000
209 0.794167 0.468375 0.067222 0.036250
211 0.943889 0.404500 0.070000 0.039000
211 0.865278 0.405875 0.063889 0.032750
211 0.800833 0.404500 0.065000 0.034000
213 0.816389 0.338000 0.072778 0.039500
215 0.955833 0.278500 0.066111 0.040500
214 0.656667 0.332000 0.082222 0.043500
214 0.574167 0.329375 0.079444 0.046250
214 0.496944 0.329125 0.086111 0.048750
214 0.409167 0.326750 0.083889 0.048000
214 0.241944 0.329875 0.075000 0.035250
214 0.146944 0.325000 0.078333 0.042500
214 0.065556 0.323125 0.082222 0.043250
214 0.741389 0.331625 0.081667 0.046750
215 0.822500 0.274250 0.068333 0.042000
214 0.746111 0.276375 0.082222 0.035750
214 0.671667 0.272875 0.066667 0.038250
214 0.599167 0.271875 0.078333 0.039250
214 0.517222 0.264250 0.086667 0.053500
214 0.356389 0.265500 0.085000 0.043500
214 0.279444 0.262750 0.078889 0.048500
95 0.357778 0.585250 0.084444 0.038000
214 0.123056 0.262375 0.086111 0.042250
212 0.084722 0.388750 0.070556 0.043000
212 0.246667 0.388625 0.075556 0.047250
212 0.165278 0.388625 0.079444 0.045750
210 0.266389 0.457375 0.070556 0.043250
210 0.114444 0.452250 0.084444 0.051500
210 0.194444 0.455625 0.074444 0.044750
210 0.034722 0.452125 0.068333 0.047250
207 0.224444 0.520000 0.086667 0.050000
207 0.142222 0.517500 0.087778 0.049500
207 0.061111 0.520250 0.085556 0.044500
205 0.175278 0.586375 0.080556 0.044750
205 0.263056 0.587375 0.080556 0.043250
206 0.087222 0.586875 0.083333 0.045750
201 0.072222 0.661250 0.066667 0.040500
214 0.039167 0.259750 0.077222 0.043500
203 0.952778 0.671625 0.064444 0.046750
214 0.327222 0.330000 0.082222 0.037000
212 0.320556 0.390125 0.075556 0.047250
97 0.714167 0.461625 0.079444 0.050250
97 0.563611 0.462250 0.069444 0.042500
97 0.465278 0.525875 0.095000 0.047750
97 0.538056 0.526500 0.073889 0.046000
