15 0.836111 0.235875 0.064444 0.051250
15 0.769444 0.237625 0.064444 0.043750
15 0.898889 0.238625 0.064444 0.043750
16 0.828333 0.284000 0.061111 0.043500
16 0.765000 0.281250 0.061111 0.043500
16 0.890000 0.284000 0.061111 0.043500
17 0.825278 0.332250 0.067222 0.050500
17 0.760833 0.333750 0.055000 0.050000
17 0.893056 0.333000 0.069444 0.054000
18 0.753056 0.383250 0.052778 0.048000
18 0.883056 0.386625 0.062778 0.053250
18 0.811389 0.383375 0.062778 0.053250
19 0.829167 0.437500 0.080556 0.049000
19 0.763333 0.435500 0.070000 0.055500
20 0.824444 0.492375 0.071111 0.051750
20 0.757222 0.490375 0.071111 0.051750
20 0.895556 0.494625 0.071111 0.051750
21 0.820833 0.544500 0.071667 0.048500
21 0.752778 0.543625 0.070000 0.048750
21 0.886667 0.545625 0.070000 0.048750
22 0.819722 0.593750 0.066111 0.049000
22 0.895278 0.597500 0.077222 0.049500
22 0.752500 0.642000 0.066111 0.049000
22 0.901944 0.647750 0.077222 0.049500
22 0.815833 0.647250 0.077222 0.049500
22 0.751944 0.591000 0.066111 0.049000
23 0.818056 0.697875 0.069444 0.052250
23 0.888611 0.702125 0.069444 0.052250
23 0.752778 0.697750 0.063333 0.049500
24 0.818889 0.748625 0.061111 0.047750
24 0.752222 0.748625 0.061111 0.047750
25 0.877222 0.801250 0.062222 0.055000
25 0.752778 0.800250 0.062222 0.055000
25 0.814444 0.801500 0.062222 0.055000
26 0.885278 0.864250 0.085000 0.063000
26 0.812778 0.863500 0.071111 0.056000
26 0.744722 0.857000 0.065000 0.056000
27 0.475556 0.848000 0.074444 0.056000
27 0.341111 0.834500 0.075556 0.066000
27 0.279167 0.824875 0.073889 0.084250
27 0.210833 0.821375 0.073889 0.084250
28 0.221389 0.736625 0.061667 0.082250
28 0.284722 0.736250 0.059444 0.083500
28 0.353056 0.738500 0.059444 0.083500
29 0.238611 0.658625 0.058333 0.073750
29 0.295833 0.659125 0.058333 0.073750
29 0.359444 0.658625 0.070000 0.075250
30 0.308333 0.580000 0.071111 0.073500
30 0.241667 0.583000 0.071111 0.073500
30 0.376111 0.583000 0.071111 0.073500
31 0.475833 0.791000 0.061667 0.064000
31 0.537500 0.793000 0.061667 0.064000
31 0.601944 0.794000 0.061667 0.064000
32 0.478056 0.730875 0.065000 0.058250
32 0.546389 0.731875 0.065000 0.058250
32 0.604167 0.735125 0.065000 0.058250
33 0.483333 0.672375 0.060000 0.060250
33 0.545000 0.674125 0.060000 0.060250
33 0.612778 0.678875 0.073333 0.058750
34 0.485556 0.621625 0.055556 0.048250
34 0.550000 0.621250 0.068889 0.049500
35 0.501111 0.567375 0.063333 0.056250
36 0.501667 0.511625 0.061111 0.052250
36 0.631111 0.514875 0.061111 0.052250
36 0.566667 0.514875 0.063333 0.050750
37 0.499444 0.461000 0.062222 0.047500
37 0.568056 0.460500 0.077222 0.049500
37 0.628056 0.468750 0.061667 0.043000
38 0.551111 0.406250 0.062222 0.047000
38 0.497778 0.410250 0.062222 0.047000
38 0.605556 0.410500 0.062222 0.047000
38 0.663333 0.413500 0.062222 0.047000
39 0.506667 0.360750 0.053333 0.042000
39 0.560000 0.360500 0.053333 0.042000
39 0.614167 0.359875 0.058333 0.044750
40 0.509722 0.303500 0.057222 0.040000
40 0.565278 0.303750 0.057222 0.040000
40 0.619167 0.302250 0.057222 0.040000
41 0.520556 0.257375 0.068889 0.047250
41 0.582222 0.257375 0.068889 0.047250
41 0.649444 0.260125 0.068889 0.047250
42 0.517778 0.211250 0.062222 0.044000
42 0.582222 0.211000 0.062222 0.044000
42 0.648889 0.208625 0.075556 0.046250
43 0.522222 0.168875 0.064444 0.042750
43 0.583889 0.166125 0.064444 0.042750
44 0.526389 0.120750 0.066111 0.052500
44 0.589722 0.115750 0.066111 0.052500
45 0.253056 0.517250 0.065000 0.063500
45 0.326111 0.515375 0.054444 0.053250
46 0.258333 0.454125 0.060000 0.054250
46 0.323333 0.453250 0.064444 0.054000
46 0.265278 0.401875 0.052778 0.041250
46 0.328056 0.402375 0.063889 0.047250
46 0.389167 0.404000 0.058333 0.049000
48 0.270556 0.353625 0.052222 0.047750
48 0.325000 0.354125 0.052222 0.047750
48 0.383333 0.355875 0.052222 0.047750
49 0.278056 0.306750 0.053889 0.045500
49 0.337222 0.308000 0.061111 0.045000
49 0.398889 0.312250 0.061111 0.045000
50 0.286944 0.264625 0.071667 0.042750
51 0.288333 0.225625 0.061111 0.036250
245 0.294167 0.184250 0.062778 0.043000
246 0.301389 0.142250 0.052778 0.043500
246 0.298611 0.100625 0.051667 0.033250
54 0.306944 0.061625 0.063889 0.051250
25 0.096389 0.667750 0.101667 0.070500
25 0.105278 0.604500 0.092778 0.063500
33 0.093611 0.732500 0.118333 0.065000
55 0.160000 0.488000 0.051111 0.047500
55 0.105556 0.484750 0.051111 0.047500
55 0.038333 0.482500 0.066667 0.047500
24 0.051111 0.538000 0.101111 0.060000
