226 0.037500 0.725833 0.052000 0.331667
226 0.093250 0.730278 0.052000 0.331667
227 0.034250 0.384444 0.061000 0.345556
227 0.092250 0.390000 0.061000 0.345556
225 0.246000 0.685278 0.055500 0.312778
225 0.191750 0.684167 0.055500 0.312778
167 0.192750 0.365278 0.052500 0.312778
167 0.240000 0.360278 0.052500 0.312778
24 0.333375 0.916389 0.054250 0.163889
24 0.385875 0.918056 0.054250 0.163889
26 0.335000 0.745556 0.055500 0.178889
26 0.383250 0.746111 0.055500 0.178889
26 0.332750 0.562222 0.055500 0.178889
26 0.385250 0.566111 0.055500 0.178889
25 0.333250 0.377500 0.055500 0.171667
25 0.388750 0.386944 0.055500 0.171667
25 0.332000 0.202500 0.055500 0.171667
25 0.384750 0.209722 0.055500 0.171667
68 0.471250 0.903333 0.053000 0.180000
68 0.520000 0.385000 0.053000 0.180000
68 0.470000 0.383333 0.053000 0.180000
68 0.520750 0.561111 0.053000 0.180000
68 0.467250 0.557778 0.053000 0.180000
68 0.521000 0.722778 0.053000 0.180000
68 0.469750 0.723333 0.053000 0.180000
68 0.520500 0.901111 0.053000 0.180000
67 0.468250 0.210833 0.053500 0.161667
67 0.523250 0.216389 0.053500 0.161667
18 0.599375 0.811667 0.054750 0.208889
18 0.648250 0.806389 0.041500 0.183889
18 0.595375 0.605000 0.054750 0.208889
18 0.642375 0.608889 0.054750 0.208889
16 0.597000 0.410833 0.047000 0.170556
16 0.599250 0.231944 0.047000 0.170556
16 0.646250 0.239167 0.047000 0.170556
16 0.600125 0.071389 0.049250 0.141667
16 0.649375 0.075556 0.045250 0.150000
16 0.642750 0.417500 0.047000 0.170556
228 0.720125 0.892500 0.040250 0.188333
228 0.762375 0.891389 0.040250 0.188333
228 0.761125 0.703056 0.040250 0.188333
228 0.719125 0.686944 0.040250 0.188333
228 0.765625 0.509167 0.040250 0.188333
228 0.726125 0.501944 0.040250 0.188333
229 0.715250 0.305833 0.047500 0.175000
229 0.765250 0.314167 0.047500 0.175000
229 0.759000 0.135278 0.062000 0.182778
232 0.865750 0.878056 0.100000 0.151667
231 0.887250 0.668333 0.055000 0.233333
231 0.835375 0.671111 0.047750 0.231111
230 0.882625 0.438333 0.054250 0.240000
230 0.890625 0.203889 0.054250 0.240000
230 0.842625 0.211667 0.054250 0.240000
