70 0.182222 0.369000 0.165556 0.043500
15 0.513611 0.410375 0.138333 0.041750
20 0.865000 0.363500 0.164444 0.046500
19 0.241944 0.490375 0.152778 0.042750
18 0.409167 0.531000 0.152778 0.040500
16 0.884167 0.485500 0.132778 0.043000
70 0.352222 0.367125 0.168889 0.046250
70 0.356667 0.412875 0.164444 0.042750
70 0.189167 0.412375 0.168333 0.041750
70 0.188056 0.411875 0.168333 0.041750
15 0.508889 0.365625 0.140000 0.042750
15 0.671389 0.407125 0.143889 0.041750
20 0.867222 0.408750 0.145556 0.043000
16 0.894167 0.526625 0.135000 0.039750
16 0.744444 0.529125 0.145556 0.038250
18 0.576111 0.529875 0.154444 0.040250
18 0.411667 0.493875 0.155556 0.034250
19 0.240833 0.489875 0.152778 0.042750
19 0.244444 0.531625 0.153333 0.039750
19 0.075278 0.534375 0.148333 0.038750
71 0.311667 0.117500 0.291111 0.049000
71 0.318333 0.170625 0.291111 0.051250
72 0.600000 0.119250 0.285556 0.050000
72 0.610278 0.169750 0.286111 0.048500
73 0.868889 0.066000 0.262222 0.045500
73 0.876389 0.114500 0.247222 0.050000
73 0.879167 0.166625 0.241667 0.053250
74 0.771111 0.280250 0.151111 0.080000
74 0.931111 0.278750 0.137778 0.079000
75 0.624722 0.285500 0.130556 0.077500
76 0.457778 0.304750 0.156667 0.039000
77 0.236389 0.304125 0.267222 0.047750
78 0.409722 0.595500 0.141667 0.032000
78 0.416944 0.630625 0.132778 0.030250
78 0.418056 0.662875 0.130556 0.027750
78 0.576667 0.627125 0.140000 0.032250
78 0.579167 0.660750 0.145000 0.028500
78 0.572500 0.593500 0.142778 0.030500
79 0.237222 0.604750 0.174444 0.037000
79 0.248333 0.637000 0.162222 0.030000
79 0.241111 0.666125 0.148889 0.027250
79 0.072778 0.636625 0.144444 0.028250
79 0.073333 0.636500 0.144444 0.029500
79 0.070833 0.667125 0.140556 0.029750
80 0.710833 0.612750 0.129444 0.070500
81 0.575000 0.749125 0.143333 0.063750
82 0.400556 0.733750 0.173333 0.033500
82 0.402222 0.769250 0.173333 0.033500
55 0.234167 0.725375 0.129444 0.032250
55 0.231389 0.777250 0.135000 0.034000
55 0.091389 0.768750 0.131667 0.033000
55 0.081944 0.737500 0.131667 0.031000
83 0.145000 0.858125 0.145556 0.104750
83 0.305556 0.853375 0.151111 0.098750
84 0.464167 0.850625 0.155000 0.091750
84 0.655000 0.858000 0.182222 0.109500
