70 0.787000 0.183889 0.061500 0.230000
70 0.908750 0.913333 0.059500 0.173333
70 0.909250 0.705556 0.061500 0.230000
70 0.919500 0.448333 0.061500 0.230000
70 0.919750 0.208889 0.061500 0.230000
70 0.848250 0.913333 0.064000 0.173333
70 0.849250 0.693333 0.061500 0.230000
70 0.851500 0.441667 0.061500 0.230000
70 0.857000 0.178889 0.061500 0.230000
70 0.779250 0.903611 0.059000 0.192778
70 0.781250 0.690556 0.061500 0.230000
70 0.783250 0.423889 0.061500 0.230000
125 0.631750 0.190000 0.063500 0.245556
125 0.679625 0.899444 0.046250 0.201111
125 0.682125 0.685000 0.044750 0.220000
125 0.682875 0.452222 0.048750 0.234444
125 0.686000 0.203611 0.047500 0.237222
125 0.627125 0.905833 0.063250 0.188333
125 0.561500 0.900556 0.060500 0.198889
125 0.630000 0.686111 0.063500 0.245556
125 0.565250 0.679444 0.063500 0.245556
125 0.631000 0.447778 0.063500 0.245556
125 0.569500 0.432778 0.063500 0.245556
125 0.570750 0.183889 0.063500 0.245556
15 0.365625 0.205000 0.054250 0.192222
15 0.478875 0.207500 0.044250 0.195000
15 0.424875 0.827778 0.060750 0.192222
15 0.426625 0.625833 0.061250 0.185000
15 0.363625 0.821111 0.054250 0.192222
15 0.364875 0.616111 0.054250 0.192222
15 0.429750 0.416944 0.060000 0.192778
15 0.424625 0.198056 0.058250 0.186111
15 0.366875 0.410556 0.054250 0.192222
62 0.173750 0.215556 0.054500 0.277778
62 0.225250 0.506944 0.064000 0.295000
62 0.230250 0.224444 0.059000 0.280000
62 0.167000 0.497778 0.054500 0.277778
240 0.208125 0.715833 0.114250 0.155000
240 0.209375 0.887500 0.114250 0.155000
241 0.052250 0.291111 0.097500 0.341111
242 0.052250 0.636389 0.101000 0.266111
242 0.052375 0.882778 0.102250 0.234444
