200 0.778889 0.247500 0.088889 0.050000
200 0.941389 0.248500 0.075000 0.046500
200 0.858889 0.248125 0.074444 0.042750
202 0.195833 0.332500 0.100556 0.050000
202 0.122500 0.332125 0.071667 0.050750
204 0.120833 0.409375 0.085000 0.048750
204 0.038611 0.405875 0.076111 0.050750
208 0.055278 0.469625 0.083889 0.051250
209 0.201389 0.534125 0.062778 0.028750
211 0.054167 0.596750 0.072778 0.040500
211 0.134444 0.593625 0.071111 0.031750
211 0.199167 0.595250 0.061667 0.032500
211 0.133333 0.593125 0.071111 0.031750
213 0.183333 0.663875 0.072222 0.041250
215 0.178611 0.728125 0.065000 0.048750
215 0.040833 0.726375 0.065000 0.048750
215 0.481111 0.737875 0.087778 0.051250
215 0.252778 0.724750 0.087778 0.042000
215 0.332222 0.732625 0.087778 0.051250
215 0.400000 0.734375 0.087778 0.051250
215 0.642778 0.735750 0.088889 0.040500
215 0.721389 0.741625 0.077222 0.049750
215 0.871944 0.742000 0.090556 0.046500
215 0.959444 0.742250 0.081111 0.041000
215 0.260000 0.671125 0.078889 0.044250
215 0.340000 0.667125 0.078889 0.044250
215 0.428333 0.670125 0.078889 0.044250
215 0.498889 0.671625 0.078889 0.044250
215 0.596667 0.672875 0.078889 0.044250
215 0.677222 0.669000 0.082222 0.034000
215 0.766667 0.670250 0.082222 0.034000
215 0.850556 0.676625 0.078889 0.044250
215 0.937222 0.679125 0.078889 0.044250
212 0.675000 0.611000 0.067778 0.044000
212 0.752222 0.611250 0.081111 0.048000
212 0.830000 0.613250 0.081111 0.048000
212 0.927778 0.614000 0.081111 0.048000
210 0.734444 0.545500 0.070000 0.047000
210 0.807778 0.546750 0.070000 0.047000
210 0.886389 0.544500 0.078333 0.051000
210 0.964167 0.550125 0.071667 0.049750
207 0.772500 0.479625 0.083889 0.051750
207 0.854167 0.482125 0.083889 0.051750
207 0.938056 0.480375 0.083889 0.051750
205 0.736389 0.414000 0.096111 0.041500
205 0.821944 0.413125 0.082778 0.040750
206 0.916667 0.415000 0.087778 0.042000
201 0.928056 0.337500 0.065000 0.041000
203 0.050833 0.333875 0.058333 0.049250
97 0.602222 0.609750 0.080000 0.050000
97 0.518889 0.609250 0.080000 0.050000
97 0.356944 0.605250 0.093889 0.050500
97 0.269444 0.605625 0.083333 0.047250
97 0.286111 0.540625 0.083333 0.047250
97 0.365000 0.540625 0.083333 0.047250
97 0.445556 0.540375 0.076667 0.048750
97 0.517222 0.542750 0.065556 0.050000
97 0.582778 0.542250 0.065556 0.050000
97 0.660000 0.544250 0.065556 0.050000
97 0.296389 0.476875 0.085000 0.051250
97 0.378056 0.473875 0.085000 0.051250
97 0.466389 0.473375 0.085000 0.051250
97 0.545278 0.472875 0.085000 0.051250
97 0.616111 0.475500 0.068889 0.054000
97 0.690833 0.478375 0.085000 0.051250
95 0.466944 0.411000 0.082778 0.046500
95 0.300278 0.409250 0.082778 0.046500
95 0.559167 0.411750 0.082778 0.046500
95 0.639167 0.410750 0.082778 0.046500
95 0.296389 0.339500 0.082778 0.046500
95 0.550278 0.336000 0.082778 0.046500
95 0.635556 0.340125 0.078889 0.051250
95 0.717222 0.340875 0.078889 0.051250
99 0.274167 0.258250 0.096111 0.060500
99 0.380278 0.252250 0.096111 0.060500
99 0.486389 0.251750 0.096111 0.060500
99 0.577500 0.251250 0.096111 0.060500
99 0.675833 0.250750 0.096111 0.060500
98 0.146111 0.245375 0.092222 0.051750
98 0.060000 0.246125 0.080000 0.051750
