188 0.737000 0.117222 0.047500 0.068889
188 0.731875 0.393333 0.040250 0.056667
188 0.733875 0.329444 0.042250 0.071111
188 0.737500 0.253333 0.047500 0.068889
188 0.738000 0.192222 0.047500 0.068889
189 0.673250 0.114444 0.042500 0.057778
189 0.664250 0.453611 0.039000 0.068333
189 0.664875 0.390556 0.032250 0.057778
189 0.669875 0.320000 0.039750 0.074444
189 0.667750 0.244444 0.042500 0.057778
189 0.671250 0.178333 0.042500 0.057778
190 0.605625 0.106111 0.038750 0.064444
190 0.605125 0.318333 0.038750 0.064444
190 0.605375 0.245000 0.038250 0.072222
190 0.604625 0.172778 0.038750 0.064444
191 0.603875 0.378889 0.041250 0.047778
192 0.605375 0.439722 0.044250 0.077222
192 0.601250 0.524167 0.043500 0.085000
193 0.535000 0.540278 0.045500 0.071667
193 0.534625 0.313333 0.039750 0.071111
193 0.535375 0.380000 0.041250 0.058889
193 0.532875 0.450278 0.036250 0.057222
193 0.542625 0.103889 0.039750 0.071111
194 0.473250 0.592500 0.051500 0.071667
195 0.475000 0.414167 0.046000 0.080556
195 0.471625 0.493611 0.040250 0.073889
195 0.476500 0.335833 0.046000 0.080556
196 0.477000 0.250556 0.048000 0.086667
196 0.478875 0.174167 0.047250 0.061667
157 0.413375 0.364444 0.037750 0.078889
157 0.405625 0.508889 0.037750 0.078889
157 0.404375 0.440000 0.037750 0.078889
197 0.410125 0.273333 0.043250 0.098889
197 0.413250 0.185556 0.042000 0.091111
198 0.333500 0.395278 0.046500 0.077222
198 0.333625 0.320000 0.046250 0.067778
198 0.333000 0.464722 0.047500 0.062778
198 0.335000 0.250833 0.048500 0.067222
199 0.335625 0.087778 0.049250 0.098889
199 0.334125 0.176111 0.049750 0.084444
154 0.535750 0.703611 0.052000 0.089444
154 0.527375 0.930000 0.045250 0.074444
154 0.532750 0.852500 0.048000 0.077222
154 0.535000 0.783611 0.052500 0.071667
154 0.534375 0.613889 0.040250 0.077778
103 0.469000 0.701389 0.049000 0.082778
103 0.469000 0.781944 0.049000 0.082778
103 0.468375 0.851111 0.048750 0.065556
103 0.466500 0.932500 0.049000 0.082778
94 0.409250 0.662778 0.048000 0.073333
94 0.405125 0.593889 0.040750 0.065556
94 0.403875 0.905556 0.048250 0.082222
94 0.407250 0.740000 0.048000 0.073333
96 0.332500 0.538611 0.047500 0.075000
96 0.333250 0.618611 0.052000 0.082778
96 0.331500 0.699444 0.051500 0.076667
96 0.332000 0.783889 0.050500 0.084444
96 0.329000 0.852222 0.048000 0.055556
96 0.330000 0.915833 0.047500 0.075000
93 0.254625 0.545278 0.056250 0.066111
93 0.247500 0.880556 0.058000 0.094444
93 0.246375 0.797222 0.054250 0.093333
93 0.256625 0.698611 0.056250 0.066111
93 0.253625 0.614167 0.056250 0.066111
98 0.248750 0.160833 0.049500 0.088333
98 0.248000 0.238889 0.051000 0.065556
98 0.251250 0.315278 0.050500 0.079444
98 0.251250 0.390556 0.057500 0.084444
98 0.250500 0.470000 0.059000 0.091111
