188 0.877778 0.740500 0.071111 0.048500
188 0.810000 0.739250 0.071111 0.048500
188 0.744444 0.734625 0.066667 0.041750
188 0.675833 0.734375 0.068333 0.038250
188 0.608333 0.734125 0.063333 0.043750
189 0.882222 0.674375 0.070000 0.037750
189 0.820000 0.672000 0.062222 0.036000
189 0.753056 0.669250 0.061667 0.035000
189 0.549444 0.662875 0.070000 0.037750
189 0.677222 0.668125 0.070000 0.037750
189 0.614444 0.664000 0.057778 0.035000
190 0.894722 0.605375 0.061667 0.035250
190 0.678611 0.604875 0.061667 0.035250
190 0.751667 0.604000 0.068889 0.033500
190 0.829722 0.603875 0.061667 0.035250
191 0.616389 0.600375 0.043889 0.036750
192 0.556389 0.603000 0.065000 0.040000
192 0.484167 0.601750 0.065000 0.040000
193 0.462222 0.533000 0.078889 0.037000
193 0.898889 0.540000 0.077778 0.033500
193 0.685833 0.537375 0.072778 0.035750
193 0.614722 0.536000 0.063889 0.031000
193 0.545833 0.534750 0.069444 0.033500
194 0.410000 0.474250 0.075556 0.048500
195 0.587500 0.474125 0.072778 0.047750
195 0.668611 0.473625 0.072778 0.047750
195 0.511389 0.473375 0.072778 0.047750
196 0.750278 0.475875 0.080556 0.046250
196 0.830833 0.478875 0.063889 0.045750
157 0.480278 0.404875 0.071667 0.041250
157 0.555833 0.407625 0.071667 0.041250
157 0.639167 0.408625 0.071667 0.041250
197 0.733333 0.409750 0.080000 0.042500
197 0.810556 0.413500 0.080000 0.042500
198 0.609444 0.335750 0.072222 0.052500
198 0.680833 0.334250 0.058333 0.047500
198 0.744167 0.335250 0.063889 0.049500
198 0.536111 0.334250 0.072222 0.052500
199 0.825833 0.336375 0.085000 0.048750
199 0.903889 0.334875 0.093333 0.049250
154 0.301389 0.537375 0.080556 0.048250
154 0.219722 0.535625 0.080556 0.048250
154 0.150278 0.532875 0.067222 0.042250
154 0.076944 0.531375 0.076111 0.043750
154 0.379444 0.534875 0.065556 0.040750
103 0.310833 0.471500 0.095000 0.050500
103 0.072222 0.469875 0.071111 0.050250
103 0.144167 0.468250 0.070556 0.049500
103 0.217222 0.469500 0.075556 0.049500
94 0.406111 0.407250 0.072222 0.043000
94 0.095278 0.402500 0.081667 0.043000
94 0.260278 0.407875 0.091667 0.049250
94 0.332778 0.406250 0.072222 0.043000
96 0.462778 0.335375 0.091111 0.056250
96 0.070556 0.329125 0.091111 0.056250
96 0.147222 0.327375 0.048889 0.048250
96 0.216389 0.333250 0.078333 0.051500
96 0.296389 0.334500 0.079444 0.056500
96 0.375833 0.337375 0.082778 0.053750
93 0.455833 0.257625 0.069444 0.047250
93 0.117778 0.247250 0.087778 0.047000
93 0.206944 0.244375 0.069444 0.047250
93 0.375833 0.253375 0.069444 0.047250
98 0.543056 0.252625 0.083889 0.054250
98 0.844722 0.251375 0.073889 0.047250
98 0.765000 0.250625 0.075556 0.048750
98 0.691667 0.250625 0.067778 0.051750
98 0.615278 0.252125 0.083889 0.054250
