103 0.175375 0.072222 0.059750 0.115556
103 0.160375 0.413333 0.059750 0.115556
103 0.170375 0.293889 0.059750 0.115556
103 0.172625 0.188333 0.059750 0.115556
99 0.161125 0.548056 0.069750 0.142778
99 0.150000 0.837222 0.081500 0.138889
99 0.153875 0.699722 0.072750 0.143889
98 0.252625 0.803333 0.069750 0.124444
98 0.250875 0.928333 0.079750 0.140000
154 0.254625 0.460556 0.056750 0.102222
154 0.251375 0.687778 0.060250 0.101111
154 0.249625 0.568333 0.056750 0.102222
95 0.270125 0.325278 0.065250 0.121667
95 0.273625 0.073056 0.065250 0.121667
95 0.269875 0.184167 0.065250 0.121667
124 0.364750 0.458889 0.060000 0.143333
124 0.371750 0.053611 0.060500 0.106111
124 0.370500 0.178889 0.061500 0.118889
124 0.366000 0.309167 0.066500 0.136111
97 0.466125 0.446667 0.084750 0.138889
97 0.468750 0.056667 0.083500 0.112222
97 0.470875 0.168611 0.087250 0.139444
97 0.466375 0.308889 0.086750 0.127778
96 0.586875 0.428333 0.084250 0.137778
96 0.588375 0.158333 0.084250 0.137778
96 0.587125 0.287222 0.084250 0.137778
243 0.712125 0.377222 0.103250 0.152222
243 0.793625 0.423333 0.070250 0.157778
243 0.716375 0.080000 0.103250 0.152222
243 0.715875 0.226111 0.103250 0.152222
158 0.704625 0.538611 0.086750 0.145000
158 0.787000 0.548333 0.073500 0.137778
158 0.792375 0.690556 0.075750 0.145556
158 0.707125 0.685833 0.086750 0.145000
244 0.709875 0.841389 0.093250 0.141667
244 0.799625 0.840278 0.093250 0.141667
197 0.590125 0.553611 0.081750 0.113889
197 0.589500 0.687778 0.083000 0.133333
157 0.591125 0.838611 0.086250 0.150556
184 0.468125 0.592222 0.096750 0.134444
184 0.462875 0.876111 0.096750 0.134444
184 0.465125 0.731667 0.096750 0.134444
196 0.359625 0.604722 0.071750 0.127222
196 0.356625 0.874167 0.071750 0.127222
196 0.359125 0.736944 0.071750 0.127222
