18 0.599167 0.355875 0.195000 0.046250
16 0.414167 0.405375 0.161667 0.044750
18 0.813611 0.352875 0.195000 0.046250
18 0.595278 0.404625 0.195000 0.046250
18 0.806389 0.402250 0.200556 0.052000
16 0.410000 0.356375 0.165556 0.049750
16 0.233889 0.400125 0.165556 0.049750
16 0.239444 0.354875 0.165556 0.049750
16 0.071667 0.350250 0.142222 0.043000
16 0.066389 0.399625 0.131667 0.052250
68 0.896111 0.478250 0.167778 0.048000
68 0.902778 0.530000 0.190000 0.052500
68 0.722222 0.529875 0.167778 0.051750
68 0.723889 0.482625 0.167778 0.051750
68 0.564444 0.479875 0.167778 0.051750
68 0.548333 0.532625 0.167778 0.051750
68 0.386667 0.533375 0.167778 0.051750
68 0.392222 0.479625 0.167778 0.051750
67 0.219722 0.481125 0.160556 0.046250
67 0.214167 0.531875 0.160556 0.046250
24 0.918889 0.615625 0.162222 0.046250
24 0.918889 0.665125 0.162222 0.046250
26 0.751667 0.616000 0.180000 0.049000
26 0.747222 0.665000 0.180000 0.049000
26 0.560556 0.668250 0.180000 0.049000
26 0.562778 0.615500 0.180000 0.049000
25 0.389444 0.615000 0.168889 0.049000
25 0.377222 0.666875 0.174444 0.049250
25 0.206111 0.668375 0.174444 0.049250
25 0.215833 0.615500 0.176111 0.053000
225 0.680833 0.757875 0.315000 0.054250
225 0.682222 0.810000 0.312222 0.051000
167 0.365278 0.756375 0.327222 0.053750
167 0.360278 0.812875 0.327222 0.053750
226 0.723889 0.959375 0.320000 0.052750
226 0.719444 0.909375 0.320000 0.052750
227 0.381667 0.969125 0.335556 0.061750
227 0.387222 0.906375 0.338889 0.052250
228 0.887500 0.241750 0.172778 0.036500
228 0.881944 0.281250 0.172778 0.036500
228 0.693611 0.239125 0.187222 0.037750
228 0.695000 0.278625 0.188889 0.041750
228 0.508056 0.233625 0.187222 0.037750
228 0.502222 0.274625 0.188889 0.044250
229 0.322778 0.238875 0.170000 0.045750
229 0.313889 0.282375 0.170000 0.045750
229 0.135833 0.243500 0.172778 0.061000
232 0.873333 0.135875 0.146667 0.097250
231 0.670278 0.164000 0.229444 0.049500
231 0.674167 0.112000 0.229444 0.049500
230 0.437500 0.116000 0.227222 0.058500
230 0.200278 0.111000 0.227222 0.058500
230 0.205833 0.161750 0.240556 0.045500
