93 0.408333 0.147000 0.163333 0.098500
94 0.286111 0.272125 0.126667 0.086750
95 0.459444 0.383625 0.145556 0.084250
96 0.108611 0.154750 0.151667 0.094500
97 0.683056 0.495000 0.171667 0.082000
98 0.541111 0.608250 0.134444 0.079000
99 0.671667 0.605875 0.143333 0.097250
100 0.600278 0.706375 0.138333 0.069750
101 0.076389 0.595000 0.119444 0.068000
102 0.337222 0.694125 0.132222 0.064250
93 0.565000 0.144500 0.163333 0.098500
93 0.721111 0.142500 0.163333 0.098500
96 0.250278 0.154500 0.151667 0.094500
94 0.162778 0.271875 0.126667 0.086750
94 0.418889 0.270375 0.126667 0.086750
94 0.554722 0.271125 0.146111 0.088250
103 0.708056 0.268250 0.163889 0.095500
103 0.872500 0.268750 0.163889 0.095500
95 0.312778 0.380375 0.145556 0.084250
95 0.186667 0.380375 0.130000 0.082250
95 0.060833 0.378875 0.120556 0.083750
95 0.622778 0.385125 0.162222 0.085750
95 0.777222 0.385750 0.140000 0.089500
95 0.927778 0.386250 0.144444 0.089000
97 0.172778 0.479875 0.126667 0.082250
97 0.291667 0.484375 0.126667 0.082250
97 0.416667 0.485625 0.126667 0.082250
97 0.540833 0.489125 0.126111 0.082250
102 0.091667 0.683875 0.132222 0.064250
102 0.213889 0.684875 0.132222 0.064250
100 0.463889 0.697875 0.125556 0.062750
100 0.750278 0.713875 0.147222 0.068250
104 0.331111 0.787250 0.176667 0.088000
104 0.136667 0.778625 0.198889 0.081250
100 0.623889 0.803875 0.134444 0.084250
100 0.757778 0.811375 0.134444 0.084250
100 0.917500 0.825250 0.157222 0.089000
94 0.053056 0.272250 0.105000 0.089500
