93 0.855250 0.405833 0.101000 0.161667
96 0.844375 0.248056 0.103250 0.132778
103 0.731375 0.705278 0.096750 0.147222
94 0.727375 0.559167 0.098250 0.138333
95 0.618625 0.314444 0.074250 0.132222
97 0.508875 0.679167 0.082250 0.145000
98 0.392375 0.541944 0.084750 0.121667
99 0.392750 0.675833 0.085500 0.127222
101 0.405625 0.077778 0.072750 0.125556
102 0.315000 0.095833 0.060500 0.129444
104 0.224250 0.149444 0.077500 0.204444
100 0.204500 0.494444 0.067000 0.131111
100 0.286250 0.752778 0.064500 0.134444
96 0.843875 0.114167 0.103250 0.132778
93 0.855500 0.564722 0.101000 0.161667
93 0.855750 0.719167 0.101000 0.161667
94 0.726375 0.426944 0.098250 0.138333
94 0.725375 0.295833 0.090750 0.132778
94 0.723875 0.174167 0.090750 0.132778
94 0.727000 0.053889 0.092000 0.106667
95 0.621125 0.184444 0.074250 0.132222
95 0.621125 0.060833 0.073750 0.120556
95 0.617000 0.464167 0.072000 0.142778
95 0.617500 0.627500 0.075000 0.146111
95 0.613000 0.780556 0.081500 0.146667
95 0.611250 0.926667 0.081500 0.146667
97 0.508875 0.540556 0.083250 0.132222
97 0.514125 0.414722 0.085250 0.121667
97 0.516125 0.290278 0.085250 0.121667
97 0.519125 0.168611 0.085250 0.121667
102 0.313125 0.215278 0.054250 0.115000
102 0.306375 0.320278 0.054250 0.115000
100 0.303500 0.468889 0.064500 0.134444
100 0.294375 0.593889 0.062250 0.148889
100 0.195750 0.622500 0.079000 0.136111
100 0.188500 0.758056 0.086500 0.136111
100 0.179375 0.916389 0.088750 0.157222
103 0.729625 0.873611 0.096750 0.147222
