105 0.891111 0.891750 0.146667 0.084500
105 0.734722 0.891000 0.140556 0.059500
106 0.608611 0.910125 0.141667 0.077750
106 0.471944 0.912750 0.140556 0.084000
107 0.185000 0.922625 0.162222 0.084750
107 0.327500 0.913875 0.135000 0.081750
108 0.881111 0.791500 0.114444 0.040500
108 0.387778 0.759375 0.115556 0.033750
108 0.636111 0.754375 0.111111 0.034250
108 0.748889 0.750500 0.114444 0.033500
108 0.636667 0.792750 0.114444 0.040500
108 0.759444 0.788500 0.114444 0.040500
109 0.386389 0.797625 0.120556 0.043250
110 0.135278 0.800750 0.117222 0.040000
110 0.263056 0.799250 0.117222 0.040000
110 0.136667 0.757375 0.116667 0.036250
111 0.716944 0.529250 0.109444 0.031000
111 0.734444 0.673875 0.105556 0.026750
111 0.858889 0.645875 0.105556 0.026750
111 0.627778 0.649125 0.105556 0.026750
111 0.735556 0.646875 0.105556 0.026750
112 0.128889 0.651125 0.106667 0.027750
112 0.380278 0.677375 0.110556 0.030250
112 0.135000 0.677875 0.106667 0.027750
112 0.375000 0.647625 0.106667 0.027750
112 0.384444 0.616125 0.106667 0.027750
112 0.248889 0.649625 0.106667 0.027750
112 0.129444 0.617875 0.106667 0.027750
112 0.137778 0.530625 0.116667 0.053750
112 0.493056 0.617875 0.110556 0.030250
112 0.501389 0.646375 0.110556 0.030250
112 0.503056 0.676375 0.110556 0.030250
112 0.265000 0.570875 0.106667 0.027750
112 0.274722 0.547125 0.105000 0.027250
112 0.273611 0.524375 0.105000 0.023250
113 0.375833 0.523875 0.101667 0.027750
113 0.493611 0.549375 0.101667 0.027750
113 0.486944 0.520875 0.101667 0.027750
113 0.387500 0.551125 0.101667 0.027750
112 0.705000 0.438000 0.107778 0.024000
112 0.822222 0.436000 0.107778 0.024000
112 0.702778 0.412000 0.107778 0.024000
114 0.840556 0.531125 0.104444 0.038750
114 0.604444 0.527375 0.112222 0.031250
115 0.170278 0.443625 0.160556 0.078250
115 0.585000 0.439875 0.134444 0.072250
115 0.451111 0.443625 0.136667 0.073250
115 0.313333 0.444750 0.133333 0.074500
117 0.277500 0.323875 0.160556 0.100750
116 0.463333 0.323375 0.165556 0.103250
116 0.627778 0.322375 0.165556 0.103250
120 0.795278 0.328250 0.153889 0.086000
118 0.386944 0.182000 0.205000 0.132500
119 0.600000 0.173625 0.207778 0.134250
119 0.788333 0.197125 0.180000 0.122250
