119 0.825625 0.602222 0.134250 0.204444
119 0.803625 0.785833 0.119250 0.200556
118 0.817875 0.384444 0.130250 0.207778
120 0.670375 0.788056 0.086750 0.158333
116 0.677875 0.462778 0.105250 0.165556
116 0.677125 0.631111 0.105250 0.165556
117 0.673500 0.280000 0.099500 0.171111
112 0.563000 0.818333 0.023000 0.106667
112 0.586500 0.701667 0.023000 0.106667
112 0.560500 0.702778 0.023000 0.106667
112 0.427750 0.260556 0.023000 0.106667
112 0.454750 0.272778 0.023000 0.106667
112 0.479250 0.280000 0.023000 0.106667
112 0.470500 0.139167 0.051000 0.113889
112 0.349750 0.248611 0.031000 0.113889
112 0.380750 0.125833 0.031000 0.113889
112 0.348250 0.123611 0.031000 0.113889
112 0.317250 0.131389 0.031000 0.113889
112 0.383500 0.379167 0.031000 0.113889
112 0.352750 0.381389 0.031000 0.113889
112 0.320750 0.376944 0.031000 0.113889
112 0.352500 0.494167 0.031000 0.113889
112 0.319750 0.498056 0.031000 0.113889
115 0.553625 0.448056 0.070250 0.123889
115 0.555625 0.174722 0.067750 0.159444
115 0.553875 0.316944 0.070250 0.123889
115 0.554125 0.574722 0.070250 0.123889
