85 0.172500 0.899750 0.165000 0.104500
24 0.226111 0.808000 0.082222 0.072500
24 0.136667 0.810500 0.100000 0.076000
24 0.043889 0.814500 0.086667 0.066500
24 0.230833 0.733875 0.080556 0.072250
24 0.145000 0.735875 0.091111 0.074750
24 0.051667 0.737375 0.087778 0.080750
24 0.236667 0.656250 0.078889 0.075500
24 0.149722 0.662500 0.095000 0.073500
24 0.057500 0.661125 0.081667 0.073250
24 0.241389 0.588125 0.081667 0.062750
24 0.154167 0.589625 0.089444 0.064250
24 0.245000 0.512000 0.077778 0.066000
24 0.157500 0.516375 0.083889 0.067750
86 0.244167 0.444250 0.091667 0.068000
86 0.139722 0.438750 0.118333 0.071000
86 0.243333 0.371000 0.095556 0.069500
86 0.138889 0.364500 0.122222 0.071000
86 0.251389 0.301125 0.089444 0.072750
86 0.148333 0.292750 0.112222 0.073000
86 0.253889 0.231750 0.085556 0.071500
86 0.256944 0.162625 0.086111 0.066250
86 0.157778 0.220375 0.096667 0.072250
86 0.160833 0.155000 0.097222 0.060500
87 0.265000 0.073875 0.070000 0.098250
87 0.192222 0.074625 0.068889 0.099250
87 0.121667 0.052125 0.062222 0.100250
92 0.456944 0.088375 0.070556 0.099250
92 0.521111 0.099875 0.053333 0.109250
91 0.436111 0.171125 0.086667 0.062750
91 0.515278 0.184000 0.075000 0.059000
91 0.510556 0.249375 0.081111 0.059750
91 0.426667 0.241375 0.092222 0.073750
91 0.505278 0.311500 0.083889 0.065000
91 0.505278 0.376375 0.081667 0.064250
91 0.414167 0.310500 0.092778 0.059000
91 0.414167 0.379125 0.082778 0.061750
90 0.496944 0.452000 0.090556 0.082500
90 0.491667 0.538875 0.102222 0.090250
76 0.397778 0.623250 0.101111 0.073000
76 0.498889 0.619250 0.093333 0.076000
76 0.498056 0.696250 0.097222 0.076000
76 0.406111 0.697375 0.088889 0.070750
76 0.497222 0.768875 0.087778 0.071250
76 0.403611 0.772375 0.098333 0.079250
89 0.489167 0.858125 0.106111 0.092750
89 0.488611 0.956500 0.098333 0.087000
89 0.380000 0.959500 0.122222 0.081000
88 0.683611 0.941500 0.060556 0.091500
88 0.684444 0.847000 0.064444 0.088000
19 0.740000 0.761500 0.073333 0.070500
19 0.740556 0.692375 0.072222 0.068250
19 0.674444 0.766000 0.060000 0.069500
16 0.694444 0.558375 0.064444 0.055750
16 0.739444 0.495250 0.074444 0.053000
16 0.744444 0.439750 0.060000 0.053500
16 0.680000 0.439000 0.076667 0.057500
19 0.634444 0.544500 0.061111 0.048000
56 0.671944 0.325250 0.078333 0.052000
56 0.741111 0.328375 0.063333 0.049750
56 0.673056 0.380500 0.071667 0.053000
56 0.741944 0.384375 0.065000 0.055250
18 0.671667 0.267625 0.077778 0.065250
18 0.741667 0.275500 0.062222 0.063000
18 0.672222 0.202000 0.076667 0.064000
18 0.741111 0.213750 0.057778 0.060500
20 0.673056 0.139375 0.100556 0.060250
