95 0.415162 0.396406 0.086027 0.204017
126 0.370485 0.109672 0.071293 0.199260
17 0.117990 0.143763 0.111930 0.171247
95 0.342681 0.371564 0.083650 0.198732
25 0.241326 0.392970 0.102899 0.155920
22 0.121435 0.366279 0.116445 0.193446
25 0.183698 0.699789 0.177757 0.302326
144 0.278636 0.774049 0.132367 0.420190
144 0.374644 0.783562 0.053470 0.399049
144 0.427638 0.784091 0.056321 0.400106
144 0.477067 0.778277 0.056321 0.400106
145 0.575214 0.809197 0.100523 0.349894
144 0.648527 0.808404 0.056084 0.383192
146 0.699144 0.823467 0.047529 0.353066
147 0.498218 0.416755 0.075808 0.228858
147 0.561668 0.454545 0.055371 0.183932
148 0.625000 0.424154 0.057510 0.123150
149 0.743227 0.494715 0.054420 0.218816
150 0.441065 0.117336 0.067966 0.183932
151 0.505585 0.148784 0.061074 0.196089
152 0.567847 0.187632 0.067728 0.198732
152 0.614306 0.241808 0.038498 0.150634
153 0.243584 0.183668 0.125475 0.095666
