56 0.582700 0.497886 0.075570 0.109937
56 0.484791 0.589059 0.062262 0.088266
56 0.424311 0.502907 0.057272 0.111522
56 0.748812 0.603594 0.075570 0.109937
56 0.664686 0.605180 0.075570 0.109937
56 0.574620 0.601480 0.075570 0.109937
56 0.744772 0.494186 0.075570 0.109937
56 0.663260 0.502643 0.075570 0.109937
56 0.496435 0.495243 0.075570 0.109937
20 0.344225 0.494979 0.081036 0.111522
20 0.254515 0.596195 0.086027 0.116279
20 0.256060 0.492865 0.081036 0.111522
20 0.355276 0.602008 0.090304 0.113108
16 0.368108 0.140856 0.064163 0.084038
16 0.540280 0.240751 0.069154 0.087209
16 0.543964 0.146406 0.065114 0.088795
16 0.456987 0.246036 0.075095 0.085095
16 0.456987 0.146142 0.064163 0.084038
16 0.375119 0.238901 0.068203 0.095137
16 0.296459 0.257928 0.072481 0.091966
16 0.292657 0.159619 0.071055 0.089852
18 0.635932 0.142706 0.094106 0.096195
18 0.301925 0.342230 0.091492 0.084038
19 0.630585 0.264006 0.092443 0.123150
19 0.728969 0.151956 0.085789 0.100951
19 0.726355 0.265592 0.092443 0.123150
168 0.603731 0.872886 0.144249 0.127378
169 0.726592 0.840381 0.085314 0.050740
169 0.737524 0.934989 0.085314 0.050740
169 0.733721 0.885307 0.085314 0.050740
76 0.463878 0.872886 0.095057 0.115751
162 0.320342 0.901163 0.065114 0.188161
162 0.389496 0.902220 0.065114 0.188161
170 0.238474 0.904598 0.079135 0.190803
171 0.150428 0.948203 0.082700 0.098309
171 0.065589 0.849366 0.082700 0.098309
171 0.158270 0.848309 0.082700 0.098309
68 0.077947 0.486258 0.078422 0.094080
68 0.096602 0.587474 0.123812 0.091438
68 0.160646 0.483087 0.085551 0.096195
86 0.191896 0.152484 0.075808 0.088266
86 0.133199 0.260571 0.055846 0.079281
86 0.206630 0.248150 0.075808 0.088266
86 0.110147 0.159884 0.065352 0.089323
65 0.058935 0.313953 0.049430 0.078224
65 0.037072 0.148784 0.073669 0.098837
172 0.540875 0.333510 0.078422 0.078224
