56 0.503700 0.501901 0.105708 0.071293
56 0.498679 0.424311 0.103066 0.050143
56 0.406184 0.479919 0.065011 0.052994
56 0.502643 0.739781 0.105708 0.071293
56 0.393763 0.741207 0.105708 0.071293
56 0.498414 0.667776 0.105708 0.071293
56 0.389535 0.668251 0.105708 0.071293
56 0.394292 0.575333 0.105708 0.071293
56 0.503700 0.582224 0.105708 0.071293
20 0.499471 0.349572 0.105708 0.085076
20 0.508457 0.254040 0.105708 0.085076
20 0.404070 0.256298 0.102008 0.083413
20 0.404863 0.349810 0.105708 0.085076
16 0.744450 0.456630 0.124207 0.064876
16 0.857822 0.545509 0.096195 0.062500
16 0.757400 0.542063 0.094080 0.065589
16 0.857822 0.458650 0.096195 0.071768
16 0.858087 0.370247 0.099894 0.071293
16 0.846459 0.295865 0.090381 0.069867
16 0.743393 0.296103 0.106237 0.071293
16 0.739165 0.371079 0.124207 0.064876
18 0.859408 0.633912 0.105708 0.086740
18 0.655655 0.300499 0.074524 0.085314
19 0.737315 0.630585 0.130021 0.087690
19 0.849630 0.727780 0.096723 0.081987
19 0.730973 0.727543 0.130021 0.087690
168 0.125529 0.603256 0.122093 0.146150
169 0.158034 0.726592 0.040169 0.091492
169 0.057611 0.742514 0.040169 0.091492
169 0.105180 0.734672 0.040169 0.091492
76 0.126321 0.459244 0.107822 0.097671
162 0.097252 0.319035 0.187104 0.067728
162 0.097780 0.387952 0.187104 0.067728
170 0.096195 0.237167 0.189218 0.083175
171 0.051268 0.148527 0.095137 0.088878
171 0.151691 0.065827 0.095137 0.088878
171 0.150634 0.153992 0.095137 0.088878
68 0.418340 0.095532 0.093552 0.121673
68 0.512421 0.161478 0.092495 0.088165
68 0.516649 0.074857 0.104123 0.084125
86 0.732294 0.140803 0.087209 0.052994
86 0.847780 0.194510 0.091966 0.082462
86 0.843816 0.110623 0.087209 0.052994
86 0.742865 0.209482 0.090381 0.067253
65 0.683404 0.058935 0.079281 0.055608
65 0.848309 0.039449 0.107822 0.078422
172 0.663584 0.537429 0.073467 0.078184
