178 0.050499 0.123943 0.082937 0.043869
178 0.082343 0.206924 0.082462 0.036469
178 0.079610 0.247622 0.078422 0.037526
177 0.273051 0.128700 0.065589 0.054440
177 0.279349 0.187104 0.069629 0.050740
177 0.353612 0.129757 0.066065 0.053383
85 0.277448 0.241543 0.063451 0.061311
85 0.446055 0.128171 0.063688 0.056554
85 0.380703 0.289376 0.056084 0.042812
176 0.525428 0.141385 0.079848 0.096723
176 0.523408 0.223573 0.075333 0.065539
177 0.446887 0.190275 0.064401 0.056025
55 0.603256 0.149049 0.065827 0.085624
55 0.668489 0.152484 0.064163 0.089323
55 0.677757 0.233351 0.060361 0.079810
175 0.794914 0.215645 0.118821 0.174419
79 0.680371 0.422569 0.072243 0.076638
79 0.675499 0.502114 0.072956 0.078224
70 0.588165 0.431290 0.068441 0.082452
173 0.589948 0.507664 0.065827 0.070296
173 0.519249 0.426533 0.059411 0.077167
173 0.518536 0.511364 0.066540 0.078753
173 0.440946 0.422833 0.066302 0.073996
173 0.442134 0.512949 0.068203 0.077696
80 0.374049 0.462474 0.057510 0.154334
174 0.296221 0.419926 0.070105 0.076638
174 0.291825 0.497093 0.068441 0.084038
129 0.171816 0.411998 0.120247 0.072410
129 0.206511 0.551533 0.109316 0.059725
180 0.965067 0.618922 0.069867 0.228330
179 0.801450 0.754493 0.106702 0.145349
70 0.684411 0.738372 0.067015 0.091966
70 0.685124 0.829545 0.070817 0.084038
70 0.604087 0.829810 0.085551 0.091966
18 0.600404 0.742865 0.075808 0.086152
173 0.518774 0.899049 0.066065 0.079281
16 0.526141 0.734672 0.057985 0.087738
16 0.523170 0.817389 0.057747 0.078753
16 0.445580 0.815539 0.057510 0.076110
16 0.446768 0.732294 0.058460 0.091438
16 0.368465 0.731501 0.057747 0.094080
16 0.369415 0.821353 0.057747 0.093023
16 0.303945 0.727008 0.058935 0.088266
16 0.306440 0.812632 0.059648 0.084038
18 0.309529 0.894820 0.067728 0.083510
86 0.211858 0.724894 0.062975 0.080867
86 0.223622 0.803118 0.060361 0.079810
86 0.140328 0.718023 0.050618 0.074524
26 0.065827 0.719609 0.066540 0.082981
