138 0.507928 0.511050 0.272727 0.075808
138 0.501321 0.600998 0.280655 0.099335
95 0.483615 0.708056 0.268499 0.108127
95 0.472516 0.816421 0.268499 0.108127
143 0.110994 0.685599 0.220930 0.093631
142 0.116015 0.589948 0.223573 0.093869
140 0.121829 0.495841 0.232030 0.095770
140 0.147727 0.420746 0.241543 0.069154
141 0.171776 0.212690 0.196617 0.073194
141 0.170719 0.212215 0.196617 0.073194
141 0.154070 0.346958 0.246829 0.091255
141 0.184989 0.282438 0.246300 0.067253
139 0.544662 0.259268 0.288055 0.066065
