56 0.500238 0.503700 0.075095 0.099366
20 0.655418 0.502114 0.078422 0.105708
16 0.543489 0.738108 0.069392 0.122093
18 0.367752 0.861522 0.085789 0.082452
19 0.276616 0.734144 0.085551 0.123679
56 0.573432 0.501586 0.052281 0.100423
56 0.516873 0.408827 0.057510 0.074524
56 0.420390 0.404863 0.075095 0.099366
56 0.336264 0.393763 0.075095 0.099366
56 0.257842 0.397463 0.075095 0.099366
56 0.257605 0.494186 0.075095 0.099366
56 0.331987 0.501057 0.075095 0.099366
56 0.419202 0.503171 0.075095 0.099366
20 0.654943 0.501057 0.078422 0.105708
20 0.746198 0.409091 0.078422 0.105708
20 0.744297 0.501057 0.078422 0.105708
20 0.643774 0.397463 0.078422 0.105708
16 0.706987 0.847780 0.073194 0.094080
16 0.630347 0.860201 0.069629 0.091438
16 0.542657 0.853066 0.072006 0.096195
16 0.454373 0.855180 0.067490 0.098309
16 0.702471 0.748943 0.066540 0.089852
16 0.622742 0.748150 0.079135 0.126321
16 0.458175 0.757135 0.066540 0.078753
18 0.699263 0.659091 0.085789 0.082452
19 0.374049 0.736258 0.084125 0.127907
19 0.271269 0.848573 0.079610 0.086152
168 0.396507 0.126850 0.141873 0.114165
169 0.264140 0.111786 0.085314 0.044926
169 0.266041 0.063425 0.103850 0.048626
169 0.272220 0.159884 0.091968 0.048097
76 0.537072 0.128964 0.095057 0.114165
162 0.682866 0.100951 0.065827 0.188161
162 0.610147 0.094345 0.065827 0.187632
170 0.759149 0.097516 0.081987 0.193975
171 0.848146 0.054704 0.089354 0.106237
171 0.847671 0.053647 0.089354 0.106237
171 0.842681 0.150634 0.087928 0.094080
171 0.936312 0.149577 0.087928 0.094080
68 0.902329 0.413848 0.120247 0.093023
68 0.901854 0.412791 0.120247 0.093023
68 0.838403 0.511892 0.086027 0.096723
68 0.924192 0.515063 0.086027 0.096723
86 0.782913 0.743129 0.070580 0.076110
86 0.884981 0.838266 0.071293 0.086681
86 0.809767 0.843552 0.070580 0.076110
86 0.860504 0.743129 0.050856 0.084567
65 0.931084 0.682875 0.068441 0.085624
