15 0.668489 0.137421 0.075095 0.105708
20 0.338878 0.149577 0.095057 0.119450
15 0.667300 0.240486 0.075095 0.105708
15 0.754990 0.242600 0.075095 0.105708
15 0.751188 0.127378 0.075095 0.105708
15 0.591492 0.124736 0.075095 0.105708
15 0.583175 0.234672 0.075095 0.105708
15 0.497861 0.150370 0.080323 0.151691
20 0.247148 0.144820 0.095057 0.119450
20 0.252139 0.254757 0.095057 0.119450
20 0.348384 0.267442 0.095057 0.119450
22 0.056678 0.133192 0.093394 0.114165
22 0.151972 0.154863 0.094819 0.125793
22 0.063094 0.252378 0.105276 0.114693
32 0.150547 0.516121 0.094344 0.095666
32 0.056440 0.515063 0.094344 0.095666
32 0.144130 0.608087 0.094344 0.095666
163 0.232652 0.567918 0.086502 0.196089
162 0.316183 0.565539 0.074382 0.208245
162 0.390803 0.564482 0.074382 0.208245
164 0.457224 0.508457 0.103612 0.127907
164 0.466136 0.628700 0.079610 0.095666
165 0.605276 0.522199 0.131179 0.117336
165 0.594106 0.642178 0.131179 0.117336
166 0.553470 0.913584 0.151616 0.112579
167 0.400071 0.906712 0.145675 0.112579
