95 0.390328 0.581987 0.228858 0.089354
126 0.100423 0.634506 0.199789 0.067966
17 0.128436 0.886882 0.173362 0.151616
95 0.380285 0.666825 0.254228 0.094106
25 0.403013 0.760813 0.168605 0.114306
22 0.368922 0.880109 0.180761 0.131416
25 0.689746 0.812856 0.289641 0.179895
144 0.760307 0.719938 0.440275 0.143774
144 0.768499 0.624644 0.447146 0.048241
144 0.818975 0.352899 0.362051 0.048004
144 0.773256 0.518061 0.451374 0.055608
145 0.793076 0.419558 0.380021 0.081511
144 0.804175 0.514021 0.387421 0.048479
146 0.800476 0.305252 0.319767 0.040637
147 0.424419 0.502258 0.231501 0.090542
147 0.456924 0.438213 0.196089 0.055608
148 0.416755 0.372624 0.135835 0.064639
149 0.491015 0.253802 0.224101 0.062262
150 0.123679 0.563807 0.218816 0.069154
151 0.148520 0.494178 0.218816 0.061074
152 0.177590 0.430846 0.191332 0.058935
152 0.227801 0.384981 0.151163 0.035171
153 0.172569 0.754515 0.161205 0.104087
