180 0.381607 0.966849 0.230444 0.066302
179 0.246036 0.802163 0.143235 0.104800
70 0.171776 0.685242 0.085624 0.069629
70 0.259778 0.686193 0.090381 0.065827
70 0.169662 0.604682 0.090909 0.083888
18 0.262685 0.599216 0.094080 0.074382
173 0.099366 0.519487 0.085624 0.065114
16 0.266913 0.526972 0.089852 0.060124
16 0.179175 0.522576 0.084567 0.055133
16 0.266121 0.446530 0.091438 0.057510
16 0.183140 0.444748 0.077696 0.056797
16 0.269556 0.367990 0.094080 0.058698
16 0.176268 0.369297 0.091438 0.059411
16 0.272727 0.305133 0.086681 0.058460
16 0.188425 0.307034 0.080867 0.057510
18 0.104651 0.308935 0.085624 0.067015
86 0.279598 0.139853 0.077167 0.052519
86 0.275370 0.207700 0.082452 0.060361
86 0.196353 0.222315 0.077696 0.058222
26 0.278805 0.065589 0.084038 0.064639
129 0.585359 0.172053 0.076638 0.121198
129 0.448732 0.207343 0.062368 0.108127
174 0.503171 0.291825 0.078224 0.067966
174 0.579281 0.296934 0.078224 0.071055
80 0.535148 0.373218 0.162262 0.060124
173 0.572146 0.440708 0.082981 0.065352
173 0.488372 0.441659 0.080338 0.068203
173 0.571089 0.520200 0.081924 0.061312
173 0.485465 0.518180 0.082981 0.066302
173 0.486258 0.590423 0.081395 0.067253
70 0.572410 0.588403 0.084567 0.068916
79 0.577431 0.680846 0.076638 0.074620
79 0.497886 0.676568 0.081395 0.072243
175 0.783827 0.794796 0.178647 0.118108
55 0.765063 0.679539 0.078753 0.060599
55 0.848837 0.668726 0.088795 0.062262
55 0.849101 0.603612 0.089323 0.067015
176 0.856765 0.525547 0.101480 0.078660
176 0.775634 0.522338 0.057611 0.070817
177 0.808932 0.445580 0.055497 0.063688
177 0.870243 0.354206 0.054440 0.062500
85 0.870772 0.445580 0.059725 0.063688
85 0.709302 0.381298 0.046512 0.054420
85 0.758192 0.276378 0.060782 0.062262
177 0.870772 0.273408 0.054440 0.062975
177 0.813425 0.278755 0.053911 0.068916
178 0.875000 0.048836 0.043869 0.084838
178 0.751321 0.080442 0.042812 0.079610
178 0.794662 0.080204 0.042812 0.079610
