56 0.604123 0.334007 0.107822 0.066778
56 0.603066 0.425974 0.107822 0.066778
56 0.594080 0.254396 0.107822 0.066778
56 0.501586 0.574026 0.105708 0.054895
56 0.493129 0.498931 0.107822 0.066778
56 0.488372 0.415518 0.107822 0.066778
56 0.496829 0.331868 0.107822 0.066778
56 0.497886 0.258912 0.107822 0.066778
56 0.590909 0.518655 0.065539 0.052044
20 0.603330 0.646150 0.093552 0.084125
20 0.494450 0.746198 0.093552 0.084125
20 0.592759 0.744772 0.093552 0.084125
20 0.494979 0.651854 0.106237 0.089354
18 0.348044 0.698788 0.087209 0.075808
18 0.141385 0.367752 0.098837 0.089116
16 0.256607 0.545627 0.119979 0.069392
16 0.249471 0.704967 0.083510 0.065827
16 0.256607 0.627020 0.111522 0.074857
16 0.157505 0.707818 0.083510 0.065827
16 0.136364 0.634149 0.083510 0.065827
16 0.141649 0.542419 0.083510 0.065827
16 0.142178 0.454016 0.083510 0.065827
16 0.234672 0.453541 0.083510 0.065827
19 0.247093 0.271744 0.087209 0.079135
19 0.239693 0.371554 0.084038 0.073907
19 0.149841 0.272220 0.085095 0.078660
168 0.873414 0.396150 0.114693 0.144487
169 0.840645 0.274121 0.039641 0.082462
169 0.935254 0.260337 0.039641 0.082462
169 0.885571 0.264615 0.039641 0.082462
76 0.867072 0.540756 0.104123 0.100998
162 0.902220 0.680965 0.186047 0.067253
162 0.901163 0.609197 0.186047 0.067253
170 0.903013 0.760813 0.193975 0.085789
171 0.846195 0.840779 0.088795 0.077471
171 0.950317 0.850879 0.099366 0.087215
171 0.845137 0.935599 0.088795 0.077471
68 0.488901 0.845176 0.097252 0.074857
68 0.587738 0.926450 0.097252 0.074857
68 0.482558 0.925737 0.097252 0.074857
86 0.252907 0.795390 0.085095 0.054658
86 0.162526 0.887120 0.084038 0.055133
86 0.254757 0.865375 0.089852 0.047766
86 0.154598 0.811668 0.076638 0.064401
65 0.319767 0.940233 0.079281 0.052044
65 0.146406 0.969819 0.084567 0.060361
172 0.334831 0.463641 0.072410 0.072243
