25 0.101216 0.819154 0.201374 0.153992
129 0.101480 0.669083 0.201903 0.142823
128 0.106237 0.509387 0.195560 0.164686
127 0.144820 0.384625 0.120507 0.093869
86 0.143763 0.269487 0.130021 0.111692
86 0.147199 0.172885 0.123150 0.092918
66 0.437104 0.152923 0.103594 0.072956
26 0.437368 0.375356 0.110465 0.090067
26 0.432875 0.478850 0.119450 0.094582
68 0.426797 0.575333 0.140063 0.096008
68 0.425740 0.673954 0.135835 0.096958
25 0.437896 0.778636 0.125264 0.104800
95 0.494715 0.874881 0.256871 0.083888
95 0.475159 0.957343 0.278013 0.085314
132 0.669397 0.076996 0.161205 0.153517
20 0.660412 0.221602 0.098837 0.087215
18 0.650634 0.324501 0.132135 0.092443
17 0.657770 0.420509 0.124207 0.092443
17 0.665433 0.526854 0.112051 0.094582
17 0.659619 0.633912 0.132135 0.093394
136 0.659091 0.760694 0.146934 0.132129
126 0.808932 0.838997 0.221459 0.061549
130 0.807347 0.917538 0.234144 0.095532
135 0.850423 0.752020 0.134249 0.099097
134 0.849101 0.664567 0.136892 0.073432
133 0.856237 0.581987 0.120507 0.084601
137 0.864165 0.406012 0.090909 0.081036
137 0.862315 0.495366 0.096723 0.083413
16 0.848044 0.329848 0.113636 0.072243
76 0.853594 0.236692 0.106765 0.084125
131 0.890592 0.107296 0.104651 0.120960
