25 0.818203 0.897992 0.154943 0.204017
129 0.666231 0.896142 0.141873 0.200317
128 0.511169 0.889271 0.162548 0.193975
127 0.383674 0.853330 0.088641 0.121036
86 0.263070 0.853858 0.099810 0.122093
86 0.170865 0.852273 0.087928 0.121036
66 0.153517 0.559989 0.071293 0.104123
26 0.374762 0.560518 0.090779 0.106237
26 0.477662 0.564746 0.097433 0.116808
68 0.575452 0.572939 0.096721 0.138478
68 0.673717 0.574260 0.096958 0.135835
25 0.781131 0.562632 0.106939 0.115751
95 0.875951 0.501586 0.083650 0.254757
95 0.956393 0.520613 0.087215 0.286469
130 0.916469 0.189482 0.097671 0.226744
126 0.838641 0.192653 0.064163 0.223573
136 0.757129 0.340381 0.137833 0.140592
17 0.630466 0.336681 0.104563 0.124736
19 0.526141 0.324260 0.096958 0.093552
19 0.420746 0.332452 0.093869 0.100423
18 0.323907 0.346987 0.094582 0.134778
20 0.222909 0.337209 0.086502 0.096195
132 0.077471 0.323996 0.154468 0.158562
131 0.107058 0.108351 0.110504 0.100423
76 0.236454 0.149049 0.085551 0.102537
16 0.327590 0.151691 0.076283 0.110994
137 0.406844 0.134778 0.081274 0.083510
137 0.495128 0.135042 0.083888 0.089323
133 0.581155 0.140592 0.088165 0.108879
134 0.660884 0.151163 0.071293 0.132135
135 0.747505 0.146406 0.095770 0.132135
