95 0.581393 0.602801 0.098622 0.252114
126 0.633555 0.894292 0.068441 0.211416
17 0.893655 0.874736 0.135694 0.212474
95 0.659102 0.625529 0.085314 0.255285
25 0.756416 0.600951 0.107890 0.158562
22 0.878208 0.637421 0.123812 0.186047
25 0.812025 0.307082 0.178232 0.263214
144 0.719938 0.213795 0.133317 0.418076
144 0.630109 0.211681 0.052994 0.422304
144 0.572362 0.201638 0.059648 0.402220
144 0.520081 0.196089 0.051093 0.391121
145 0.425024 0.207452 0.092443 0.354651
144 0.355632 0.185254 0.049667 0.369450
146 0.310480 0.185254 0.049667 0.369450
147 0.495010 0.589852 0.087452 0.239958
147 0.438094 0.543340 0.050143 0.211416
148 0.377852 0.576638 0.071293 0.122622
149 0.257367 0.505814 0.066065 0.211416
150 0.563332 0.872357 0.064401 0.208774
151 0.492871 0.834831 0.063688 0.216173
152 0.433698 0.815803 0.062262 0.168605
152 0.382486 0.771670 0.043013 0.139535
153 0.756416 0.828224 0.139259 0.176533
