25 0.899049 0.176806 0.201903 0.153517
129 0.898520 0.332462 0.202960 0.135456
128 0.891121 0.489781 0.188161 0.164924
127 0.854651 0.613831 0.118393 0.093631
86 0.854651 0.732296 0.126850 0.104800
86 0.850423 0.829848 0.119450 0.090304
66 0.561575 0.847552 0.104123 0.073432
26 0.564482 0.625238 0.113108 0.091730
26 0.566860 0.521269 0.122093 0.099097
68 0.573732 0.422885 0.132664 0.094819
68 0.574524 0.324144 0.133192 0.095057
25 0.565275 0.214235 0.117865 0.105751
95 0.501850 0.127020 0.252114 0.072006
95 0.500793 0.126545 0.252114 0.072006
95 0.522199 0.042657 0.287526 0.084838
130 0.186575 0.083175 0.225159 0.095057
126 0.193182 0.160290 0.222516 0.062025
136 0.340645 0.238950 0.135835 0.134268
135 0.147727 0.249525 0.137949 0.097909
134 0.147992 0.336740 0.135307 0.069867
17 0.338266 0.364544 0.131078 0.094582
133 0.140063 0.417894 0.109937 0.085314
19 0.334567 0.473265 0.117336 0.093869
19 0.334831 0.579016 0.110465 0.092918
137 0.130814 0.503446 0.089323 0.083888
137 0.132135 0.592443 0.086681 0.082700
18 0.348044 0.674073 0.133721 0.095770
16 0.149049 0.672053 0.112051 0.076046
76 0.146406 0.762952 0.101480 0.084838
20 0.331395 0.774596 0.085624 0.086740
132 0.324789 0.918607 0.153805 0.162785
131 0.108615 0.893298 0.100951 0.109316
