70 0.314639 0.257928 0.065589 0.084567
16 0.555490 0.183668 0.057747 0.075581
18 0.690352 0.105708 0.068441 0.081395
70 0.315352 0.170455 0.067966 0.087209
70 0.397338 0.169133 0.079848 0.086681
16 0.630703 0.268235 0.060361 0.092495
16 0.627258 0.180497 0.062500 0.087209
16 0.552757 0.266913 0.061787 0.088795
16 0.473978 0.262156 0.058698 0.085624
16 0.477424 0.179704 0.058460 0.083510
16 0.695223 0.272727 0.062025 0.086681
16 0.692966 0.186311 0.061312 0.081924
18 0.398289 0.260042 0.076521 0.087738
173 0.480394 0.099894 0.066778 0.077167
173 0.556915 0.491543 0.066778 0.077167
173 0.557866 0.573996 0.066778 0.077167
173 0.481939 0.484408 0.067015 0.077696
173 0.479682 0.572410 0.061074 0.077167
70 0.411359 0.570560 0.070342 0.078753
173 0.408508 0.490486 0.064639 0.069767
79 0.323194 0.500000 0.074144 0.079281
79 0.319273 0.577167 0.075808 0.077167
80 0.625475 0.536469 0.056084 0.159619
174 0.704254 0.497357 0.082937 0.081395
174 0.701283 0.578488 0.082700 0.077696
129 0.792182 0.450053 0.107652 0.060782
129 0.824739 0.586681 0.120485 0.070825
175 0.205561 0.784355 0.118346 0.179704
55 0.396625 0.849894 0.066065 0.086681
55 0.330798 0.849101 0.064163 0.085095
55 0.321887 0.765063 0.060124 0.079810
176 0.474810 0.857558 0.077947 0.094609
176 0.474929 0.775634 0.078660 0.060782
85 0.554420 0.871829 0.066540 0.056554
177 0.552994 0.809989 0.064163 0.056554
177 0.646744 0.871829 0.066778 0.053383
177 0.727186 0.872622 0.065114 0.052854
177 0.718156 0.814482 0.074620 0.047569
85 0.721245 0.757135 0.066540 0.056554
178 0.919558 0.752907 0.078660 0.041755
178 0.916825 0.794133 0.079848 0.042812
178 0.949382 0.875000 0.081749 0.040698
179 0.196174 0.245507 0.104325 0.144292
180 0.034458 0.379757 0.068441 0.225687
86 0.779943 0.195032 0.066065 0.081395
86 0.788973 0.277484 0.065114 0.078224
86 0.860860 0.282770 0.050618 0.072939
26 0.931321 0.278013 0.067490 0.081395
85 0.618940 0.711152 0.057272 0.041755
