15 0.235500 0.165556 0.047500 0.062222
16 0.281125 0.168056 0.040250 0.065000
17 0.332000 0.176111 0.050000 0.070000
18 0.381875 0.184722 0.050750 0.070556
19 0.437250 0.168889 0.055500 0.078889
20 0.491500 0.177778 0.049500 0.058889
20 0.492375 0.106389 0.051250 0.070556
20 0.490125 0.244722 0.051250 0.070556
20 0.186875 0.230278 0.051250 0.070556
20 0.193375 0.169722 0.036750 0.050556
20 0.197875 0.112500 0.033750 0.059444
15 0.238750 0.098889 0.047500 0.062222
15 0.236500 0.231111 0.047500 0.062222
16 0.284125 0.106389 0.040250 0.065000
16 0.282125 0.231944 0.040250 0.065000
17 0.332250 0.106944 0.053500 0.068333
17 0.331250 0.236389 0.053500 0.056111
18 0.385375 0.115833 0.050750 0.070556
18 0.383500 0.243333 0.049000 0.056667
19 0.434750 0.242222 0.055500 0.078889
21 0.545125 0.112222 0.049750 0.066667
22 0.593625 0.182778 0.047250 0.071111
21 0.544125 0.175556 0.049750 0.066667
21 0.541625 0.248333 0.049750 0.066667
22 0.643625 0.177222 0.047250 0.071111
22 0.597125 0.105556 0.047250 0.071111
22 0.646875 0.101111 0.047250 0.071111
22 0.643625 0.248333 0.047250 0.071111
22 0.592125 0.248889 0.049250 0.064444
23 0.696125 0.185278 0.050250 0.066111
23 0.699125 0.116944 0.050250 0.066111
23 0.696125 0.250833 0.050250 0.066111
24 0.749750 0.179722 0.045000 0.075000
24 0.747250 0.248889 0.046500 0.063333
25 0.801000 0.125278 0.055000 0.072778
25 0.803750 0.186944 0.056500 0.066111
25 0.798875 0.254444 0.049750 0.064444
26 0.865000 0.114722 0.056500 0.081667
26 0.863250 0.188056 0.056500 0.081667
26 0.856375 0.255556 0.056750 0.060000
27 0.847500 0.525000 0.050500 0.070000
27 0.837125 0.664722 0.050250 0.061667
27 0.829500 0.722500 0.074000 0.066111
27 0.825875 0.789444 0.075250 0.070000
28 0.738875 0.716667 0.076750 0.053333
28 0.739375 0.651944 0.076750 0.063889
28 0.736375 0.775278 0.076750 0.063889
29 0.658250 0.704444 0.073500 0.051111
29 0.659875 0.642222 0.074250 0.066667
29 0.657125 0.764722 0.069250 0.069444
30 0.582500 0.631667 0.069000 0.067778
30 0.581750 0.695556 0.069000 0.067778
30 0.586875 0.758056 0.076250 0.071667
31 0.795250 0.394722 0.060000 0.068333
31 0.792750 0.459167 0.060000 0.068333
31 0.792250 0.526111 0.059000 0.061111
32 0.733000 0.392500 0.050500 0.063889
32 0.729750 0.451389 0.050500 0.063889
32 0.729250 0.518056 0.050500 0.063889
33 0.680750 0.387500 0.049000 0.069444
33 0.676750 0.455000 0.055500 0.064444
33 0.672500 0.516667 0.055500 0.064444
34 0.620250 0.449444 0.049500 0.068889
34 0.619375 0.510833 0.050750 0.061667
35 0.566875 0.505556 0.057250 0.073333
36 0.518125 0.435278 0.053750 0.071667
36 0.517000 0.372778 0.053500 0.066667
36 0.512500 0.503889 0.053500 0.066667
37 0.461500 0.437778 0.045000 0.073333
37 0.462875 0.498889 0.043250 0.055556
37 0.469375 0.368889 0.043250 0.055556
38 0.411625 0.450000 0.049750 0.056667
38 0.411625 0.391111 0.049750 0.056667
38 0.419250 0.340833 0.056000 0.051667
38 0.412000 0.504167 0.049500 0.051667
39 0.357500 0.444167 0.038000 0.051667
39 0.353750 0.388611 0.038000 0.051667
39 0.360125 0.494167 0.040250 0.053889
40 0.301875 0.383333 0.043750 0.056667
40 0.302375 0.438889 0.043750 0.056667
40 0.305375 0.490000 0.043750 0.056667
41 0.259000 0.420000 0.042500 0.062222
41 0.258500 0.356111 0.042500 0.062222
41 0.256750 0.483333 0.042500 0.062222
42 0.211250 0.419444 0.045000 0.067778
42 0.210500 0.351667 0.045000 0.067778
42 0.209250 0.483333 0.045000 0.067778
43 0.167000 0.417500 0.045000 0.062778
43 0.168000 0.477500 0.045000 0.062778
44 0.116500 0.410833 0.046500 0.053889
44 0.119625 0.471389 0.046250 0.063889
45 0.515125 0.746667 0.059250 0.075556
45 0.518375 0.675833 0.049750 0.048333
46 0.454500 0.677778 0.054500 0.067778
46 0.452750 0.741667 0.054500 0.067778
47 0.403375 0.673056 0.050250 0.075000
47 0.401375 0.734167 0.048250 0.055000
47 0.404125 0.614722 0.048250 0.055000
48 0.355250 0.615000 0.048500 0.058889
48 0.353500 0.675556 0.048500 0.058889
48 0.352750 0.729444 0.048500 0.058889
49 0.307750 0.662222 0.043500 0.060000
49 0.305500 0.720556 0.043500 0.060000
49 0.310750 0.602778 0.043500 0.060000
50 0.261750 0.716111 0.039000 0.063333
51 0.224750 0.711111 0.036500 0.060000
52 0.185875 0.707500 0.042750 0.065000
53 0.141500 0.705556 0.040500 0.063333
53 0.102500 0.702222 0.040500 0.063333
54 0.060125 0.692222 0.045750 0.072222
25 0.666750 0.902778 0.064000 0.095556
25 0.603625 0.887500 0.057250 0.092778
33 0.731125 0.910556 0.056250 0.105556
24 0.540375 0.965556 0.060250 0.068889
55 0.485625 0.906389 0.048750 0.059444
55 0.484875 0.970278 0.048750 0.059444
