20 0.152778 0.313625 0.157778 0.038250
20 0.469167 0.309000 0.156111 0.043500
20 0.785556 0.310250 0.140000 0.041500
75 0.893056 0.446625 0.150556 0.099750
20 0.151667 0.313125 0.157778 0.038250
20 0.307222 0.309250 0.146667 0.042000
20 0.305000 0.350250 0.150000 0.037000
20 0.148611 0.350625 0.153889 0.034750
18 0.631389 0.309500 0.156111 0.043500
18 0.461944 0.350500 0.148333 0.038500
18 0.623889 0.351000 0.154444 0.037500
76 0.784444 0.309750 0.140000 0.041500
76 0.777778 0.350750 0.135556 0.037000
76 0.930833 0.310375 0.138333 0.044250
76 0.919167 0.350750 0.132778 0.037000
75 0.147222 0.442000 0.127778 0.096000
75 0.142778 0.558250 0.101111 0.086000
75 0.872222 0.678500 0.114444 0.078500
75 0.755000 0.676375 0.116667 0.078250
75 0.194722 0.667000 0.120556 0.078500
77 0.216389 0.753125 0.192778 0.043750
77 0.415556 0.758250 0.197778 0.042000
77 0.222222 0.794375 0.186667 0.039250
77 0.418333 0.798500 0.187778 0.040000
78 0.625278 0.760250 0.199444 0.041500
78 0.621667 0.802125 0.198889 0.041250
78 0.780278 0.785250 0.101667 0.081500
78 0.864167 0.786875 0.062778 0.080750
75 0.894722 0.569375 0.118333 0.087750
75 0.373333 0.444625 0.118889 0.095250
20 0.143611 0.273625 0.149444 0.041250
79 0.135000 0.179875 0.160000 0.037250
79 0.134167 0.216500 0.145000 0.034000
80 0.320000 0.180500 0.162222 0.036500
80 0.312500 0.216750 0.151667 0.031000
38 0.495278 0.180375 0.171667 0.038250
38 0.487222 0.216500 0.160000 0.032500
81 0.690833 0.222000 0.222778 0.020500
81 0.905000 0.223000 0.187778 0.019500
81 0.700000 0.200875 0.216667 0.019750
81 0.906111 0.203250 0.187778 0.018000
