56 0.216944 0.281500 0.141667 0.100000
57 0.420556 0.413375 0.126667 0.080250
58 0.175278 0.529625 0.143889 0.089750
59 0.454722 0.637000 0.152778 0.071000
60 0.927222 0.751000 0.124444 0.084000
61 0.571667 0.748375 0.121111 0.059250
62 0.186944 0.729500 0.146111 0.075000
63 0.828056 0.850250 0.135000 0.082000
56 0.379722 0.287375 0.147222 0.098250
56 0.072778 0.284250 0.143333 0.107000
56 0.414444 0.205250 0.142222 0.066500
57 0.153333 0.410625 0.126667 0.080250
57 0.288333 0.411375 0.126667 0.080250
58 0.051389 0.530375 0.101667 0.086750
58 0.309444 0.533250 0.130000 0.086000
58 0.448889 0.533125 0.135556 0.088250
59 0.057778 0.630250 0.114444 0.062500
59 0.183333 0.631375 0.128889 0.067750
59 0.313333 0.632875 0.123333 0.069250
60 0.801667 0.747375 0.115556 0.074750
61 0.690000 0.750875 0.121111 0.059250
61 0.446667 0.746125 0.121111 0.059250
62 0.325556 0.732375 0.128889 0.058750
63 0.689167 0.842500 0.135000 0.082000
63 0.543611 0.838375 0.137222 0.074250
64 0.416667 0.840250 0.112222 0.064000
64 0.297778 0.832750 0.112222 0.064000
64 0.181667 0.831000 0.112222 0.064000
65 0.535556 0.296375 0.161111 0.082250
65 0.686389 0.208500 0.152778 0.077500
65 0.688333 0.292375 0.161111 0.082250
65 0.549167 0.212875 0.133889 0.078750
66 0.847222 0.289000 0.150000 0.092000
66 0.842778 0.198250 0.150000 0.092000
67 0.551667 0.411250 0.126667 0.084000
67 0.688889 0.410750 0.126667 0.084000
68 0.833611 0.410375 0.139444 0.084750
69 0.591667 0.537750 0.133333 0.083000
69 0.728333 0.535500 0.133333 0.083000
69 0.865556 0.538750 0.133333 0.083000
70 0.606389 0.640625 0.122778 0.071750
70 0.874167 0.643875 0.133889 0.073750
70 0.738611 0.641125 0.122778 0.071750
