71 0.445000 0.146625 0.240000 0.064750
72 0.688333 0.372375 0.231111 0.065750
15 0.411944 0.571625 0.191667 0.062250
71 0.916944 0.089625 0.166111 0.057750
71 0.708333 0.090125 0.240000 0.064750
71 0.456667 0.081125 0.240000 0.064750
71 0.197222 0.079500 0.252222 0.056000
71 0.181389 0.211125 0.240556 0.064750
71 0.905000 0.221875 0.190000 0.061750
71 0.685000 0.220375 0.240000 0.064750
71 0.433333 0.214375 0.240000 0.064750
71 0.912500 0.154000 0.175000 0.066500
71 0.695556 0.152625 0.240000 0.064750
71 0.183611 0.144625 0.240556 0.064750
72 0.675556 0.437875 0.231111 0.065750
72 0.895833 0.437750 0.208333 0.063500
72 0.431667 0.432125 0.231111 0.065750
72 0.436111 0.369625 0.231111 0.065750
72 0.189722 0.429250 0.228333 0.059000
72 0.194722 0.363875 0.231667 0.065750
72 0.906111 0.317875 0.183333 0.046750
72 0.693056 0.315125 0.225000 0.043750
72 0.449167 0.313875 0.222778 0.048250
72 0.200556 0.311875 0.233333 0.046750
72 0.902778 0.373750 0.192222 0.063500
15 0.206667 0.572375 0.192222 0.062250
15 0.617500 0.571875 0.191667 0.062250
15 0.825278 0.576125 0.191667 0.062250
15 0.821389 0.639875 0.191667 0.062250
15 0.610278 0.634875 0.191667 0.062250
15 0.407500 0.635375 0.191667 0.062250
15 0.199444 0.635375 0.192222 0.062250
15 0.208889 0.518750 0.198889 0.044500
73 0.210556 0.768625 0.257778 0.063750
73 0.498611 0.772875 0.296111 0.062750
73 0.212222 0.827125 0.268889 0.054250
73 0.501944 0.830375 0.268333 0.050250
74 0.714722 0.800250 0.145000 0.099500
74 0.883333 0.798250 0.167778 0.108000
