19 0.251667 0.581125 0.084444 0.022250
76 0.448889 0.579625 0.071111 0.021750
17 0.774167 0.602250 0.083889 0.018500
18 0.696389 0.642125 0.086111 0.024750
132 0.141111 0.642875 0.076667 0.020250
20 0.328611 0.699375 0.081667 0.018750
19 0.057222 0.603375 0.084444 0.022250
19 0.158889 0.602875 0.084444 0.022250
19 0.255000 0.604625 0.084444 0.022250
19 0.355556 0.600375 0.084444 0.022250
19 0.355556 0.579125 0.084444 0.022250
19 0.153333 0.580625 0.084444 0.022250
19 0.053889 0.580375 0.084444 0.022250
76 0.685000 0.602375 0.071111 0.021750
76 0.606667 0.602875 0.071111 0.021750
76 0.533889 0.602375 0.071111 0.021750
76 0.450000 0.602375 0.071111 0.021750
76 0.686111 0.580875 0.071111 0.021750
76 0.603889 0.579875 0.071111 0.021750
76 0.525556 0.579875 0.071111 0.021750
17 0.870833 0.602125 0.092778 0.020250
17 0.879167 0.579750 0.083889 0.018500
18 0.724167 0.734875 0.091667 0.020750
18 0.625000 0.734000 0.085556 0.019500
18 0.624444 0.697875 0.088889 0.022250
18 0.621667 0.715875 0.090000 0.018250
18 0.723611 0.715250 0.088333 0.018500
18 0.718333 0.696250 0.087778 0.021500
18 0.789444 0.666375 0.085556 0.021750
18 0.795000 0.643625 0.092222 0.023250
18 0.694722 0.665875 0.083889 0.019750
18 0.602778 0.665125 0.086667 0.017750
18 0.510556 0.667375 0.081111 0.020750
18 0.418889 0.664625 0.080000 0.019750
18 0.326111 0.666625 0.090000 0.019250
18 0.227222 0.664250 0.083333 0.022500
18 0.320278 0.645125 0.086111 0.024750
18 0.419722 0.643125 0.086111 0.024750
18 0.509722 0.643625 0.086111 0.024750
18 0.601389 0.644375 0.086111 0.024750
132 0.048333 0.664125 0.076667 0.020250
132 0.136667 0.665125 0.076667 0.020250
132 0.228333 0.643125 0.076667 0.020250
132 0.047778 0.642625 0.076667 0.020250
20 0.314167 0.738375 0.081667 0.018750
20 0.414722 0.736125 0.081667 0.018750
20 0.507500 0.737125 0.081667 0.018750
20 0.507500 0.717625 0.081667 0.018750
20 0.413056 0.720125 0.081667 0.018750
20 0.310278 0.719625 0.081667 0.018750
20 0.515833 0.698375 0.081667 0.018750
20 0.416944 0.698875 0.081667 0.018750
76 0.876944 0.665500 0.070556 0.019500
76 0.880000 0.642125 0.071111 0.021750
133 0.046111 0.516000 0.091111 0.025500
133 0.140000 0.536875 0.084444 0.021250
133 0.227778 0.538000 0.078889 0.020500
133 0.224444 0.514625 0.078889 0.024250
133 0.137500 0.514000 0.091667 0.025500
133 0.047500 0.537875 0.090556 0.018250
134 0.318611 0.517125 0.096111 0.026750
134 0.316944 0.538875 0.093889 0.017750
134 0.861944 0.540000 0.095000 0.021500
134 0.772222 0.540000 0.087778 0.020500
134 0.680833 0.540250 0.082778 0.019500
134 0.593333 0.539125 0.090000 0.021250
134 0.506111 0.539500 0.087778 0.017500
134 0.411389 0.538875 0.089444 0.018750
134 0.860833 0.517250 0.087222 0.025000
134 0.773889 0.517750 0.077778 0.025500
134 0.684722 0.518125 0.088333 0.027250
134 0.600833 0.516375 0.085000 0.025250
134 0.508056 0.517125 0.096111 0.026750
134 0.413611 0.517375 0.096111 0.026750
25 0.043333 0.430750 0.085556 0.022500
25 0.297500 0.476000 0.091667 0.022500
25 0.204167 0.476500 0.086111 0.022500
25 0.114722 0.475250 0.086111 0.022500
25 0.037500 0.474750 0.073889 0.022000
25 0.304722 0.452625 0.086111 0.024250
25 0.216944 0.454750 0.086111 0.022500
25 0.125833 0.452500 0.086111 0.022500
25 0.042222 0.453250 0.083333 0.021500
25 0.214167 0.432000 0.086111 0.022500
25 0.128611 0.432000 0.086111 0.022500
135 0.420833 0.434750 0.097222 0.024000
135 0.408333 0.477250 0.121111 0.021000
135 0.409167 0.457250 0.116111 0.021000
135 0.528889 0.478000 0.112222 0.021000
135 0.527500 0.456375 0.116111 0.021250
135 0.525833 0.437250 0.096111 0.018500
134 0.067500 0.741000 0.095000 0.015000
134 0.052778 0.720625 0.095556 0.024750
136 0.178611 0.705500 0.135000 0.032500
136 0.178333 0.729625 0.133333 0.014250
136 0.187778 0.742375 0.133333 0.014250
73 0.640556 0.436125 0.110000 0.021750
73 0.637778 0.478125 0.110000 0.021750
73 0.637222 0.458375 0.110000 0.021750
137 0.818889 0.717625 0.092222 0.018250
137 0.816944 0.737000 0.087222 0.017000
138 0.742778 0.455375 0.080000 0.021250
138 0.848333 0.433875 0.080000 0.021250
138 0.835000 0.453875 0.080000 0.021250
138 0.842222 0.476125 0.080000 0.021250
138 0.739444 0.477625 0.080000 0.021250
139 0.231667 0.394000 0.084444 0.021500
139 0.052222 0.347750 0.084444 0.021500
139 0.141667 0.394500 0.084444 0.021500
139 0.052222 0.393000 0.084444 0.021500
139 0.231111 0.371750 0.084444 0.021500
139 0.142778 0.371250 0.084444 0.021500
139 0.236111 0.349500 0.084444 0.021500
139 0.141667 0.348000 0.084444 0.021500
139 0.051111 0.369250 0.084444 0.021500
140 0.574722 0.376500 0.085000 0.021000
140 0.916944 0.376000 0.085000 0.021000
140 0.914722 0.398250 0.085000 0.021000
140 0.834167 0.377000 0.085000 0.021000
140 0.827500 0.397500 0.085000 0.021000
140 0.579167 0.396500 0.085000 0.021000
140 0.660833 0.398000 0.085000 0.021000
140 0.396389 0.352250 0.085000 0.021000
140 0.754167 0.375750 0.085000 0.021000
140 0.660833 0.375500 0.085000 0.021000
140 0.485833 0.354000 0.085000 0.021000
140 0.488611 0.374000 0.085000 0.021000
140 0.493056 0.397750 0.085000 0.021000
140 0.400833 0.396000 0.085000 0.021000
140 0.403611 0.372500 0.085000 0.021000
140 0.748611 0.396500 0.085000 0.021000
140 0.918056 0.353750 0.085000 0.021000
140 0.831111 0.354625 0.081111 0.019750
140 0.750278 0.354250 0.078333 0.021500
140 0.666389 0.353250 0.085000 0.021000
140 0.577500 0.354000 0.085000 0.021000
86 0.731944 0.270625 0.073889 0.023250
86 0.915000 0.317625 0.083333 0.023750
86 0.825000 0.316125 0.081111 0.024250
86 0.824444 0.292250 0.084444 0.021500
86 0.911667 0.269750 0.088889 0.024500
86 0.816389 0.270125 0.073889 0.023250
86 0.735278 0.315875 0.073889 0.023250
86 0.732500 0.295375 0.073889 0.023250
86 0.913889 0.294875 0.083333 0.023750
85 0.196944 0.262750 0.082778 0.024500
85 0.453056 0.314000 0.082778 0.024500
85 0.364722 0.311250 0.082778 0.024500
85 0.278056 0.311500 0.082778 0.024500
85 0.648611 0.293125 0.090556 0.024250
85 0.557222 0.292375 0.084444 0.023250
85 0.460000 0.290500 0.093333 0.024000
85 0.279167 0.288000 0.082778 0.024500
85 0.369722 0.289500 0.081667 0.024000
85 0.646111 0.267500 0.084444 0.027000
85 0.555278 0.266375 0.090556 0.030750
85 0.464722 0.265750 0.082778 0.024500
85 0.380833 0.265500 0.082778 0.024500
85 0.293056 0.264000 0.082778 0.024500
85 0.186389 0.311500 0.082778 0.024500
85 0.094722 0.308250 0.082778 0.024500
85 0.097778 0.286250 0.094444 0.023000
85 0.105278 0.262250 0.088333 0.025500
85 0.194722 0.287250 0.082778 0.024500
85 0.646667 0.316250 0.090000 0.025000
85 0.551944 0.314125 0.087222 0.025250
24 0.936667 0.450250 0.096667 0.032500
24 0.935278 0.477875 0.096111 0.020250
