94 0.087222 0.162750 0.097778 0.057000
95 0.426667 0.519625 0.165556 0.092750
95 0.361111 0.735375 0.195556 0.114750
94 0.183056 0.164250 0.091667 0.055000
94 0.277222 0.161000 0.102222 0.062000
94 0.375556 0.164750 0.095556 0.054000
94 0.120000 0.265250 0.088889 0.052500
94 0.207500 0.267625 0.085000 0.046750
94 0.378611 0.263375 0.095000 0.055250
95 0.271944 0.520875 0.147222 0.091750
95 0.123611 0.522375 0.153889 0.089250
95 0.161389 0.734500 0.186111 0.110500
96 0.561667 0.159625 0.087778 0.058250
96 0.468333 0.162625 0.093333 0.057250
96 0.662778 0.160750 0.104444 0.059500
96 0.793611 0.159875 0.102778 0.056250
97 0.920556 0.165625 0.106667 0.047250
98 0.480556 0.261125 0.110000 0.057750
98 0.590556 0.259625 0.104444 0.059250
98 0.693056 0.259625 0.100556 0.057250
98 0.790000 0.261125 0.098889 0.054250
97 0.892222 0.238625 0.110000 0.061750
99 0.560833 0.735375 0.188333 0.115250
99 0.733889 0.736375 0.196667 0.116750
94 0.292778 0.265625 0.083333 0.050750
100 0.888333 0.407750 0.091111 0.056500
101 0.885278 0.327250 0.086111 0.056500
102 0.888611 0.493000 0.125000 0.048500
103 0.893056 0.564625 0.099444 0.059250
104 0.886667 0.653500 0.083333 0.052500
104 0.881944 0.761750 0.103889 0.068000
105 0.559444 0.530750 0.111111 0.070500
105 0.670833 0.532500 0.120556 0.067000
105 0.782500 0.534625 0.112778 0.064750
98 0.756944 0.423625 0.122778 0.060750
106 0.144722 0.342625 0.131667 0.062750
106 0.282222 0.345500 0.136667 0.059500
106 0.406111 0.344500 0.117778 0.059500
106 0.523889 0.342250 0.124444 0.063500
106 0.522778 0.341750 0.124444 0.063500
106 0.658889 0.342250 0.123333 0.063000
107 0.771111 0.621000 0.131111 0.072000
107 0.536667 0.621750 0.125556 0.071500
107 0.652778 0.618500 0.103333 0.063500
95 0.604722 0.423000 0.161667 0.062500
95 0.134167 0.426625 0.173889 0.060750
