121 0.408333 0.147000 0.163333 0.098500
120 0.286111 0.272125 0.126667 0.086750
62 0.459444 0.383625 0.145556 0.084250
57 0.108611 0.154750 0.151667 0.094500
58 0.683056 0.495000 0.171667 0.082000
60 0.541111 0.608250 0.134444 0.079000
63 0.671667 0.605875 0.143333 0.097250
163 0.600278 0.706375 0.138333 0.069750
94 0.076389 0.595000 0.119444 0.068000
164 0.337222 0.694125 0.132222 0.064250
121 0.565000 0.144500 0.163333 0.098500
121 0.721111 0.142500 0.163333 0.098500
57 0.250278 0.154500 0.151667 0.094500
120 0.162778 0.271875 0.126667 0.086750
120 0.418889 0.270375 0.126667 0.086750
120 0.554722 0.271125 0.146111 0.088250
64 0.708056 0.268250 0.163889 0.095500
64 0.872500 0.268750 0.163889 0.095500
62 0.312778 0.380375 0.145556 0.084250
62 0.186667 0.380375 0.130000 0.082250
62 0.060833 0.378875 0.120556 0.083750
62 0.622778 0.385125 0.162222 0.085750
62 0.777222 0.385750 0.140000 0.089500
62 0.927778 0.386250 0.144444 0.089000
58 0.172778 0.479875 0.126667 0.082250
58 0.291667 0.484375 0.126667 0.082250
58 0.416667 0.485625 0.126667 0.082250
58 0.540833 0.489125 0.126111 0.082250
164 0.091667 0.683875 0.132222 0.064250
164 0.213889 0.684875 0.132222 0.064250
163 0.463889 0.697875 0.125556 0.062750
163 0.750278 0.713875 0.147222 0.068250
165 0.331111 0.787250 0.176667 0.088000
165 0.136667 0.778625 0.198889 0.081250
163 0.623889 0.803875 0.134444 0.084250
163 0.757778 0.811375 0.134444 0.084250
163 0.917500 0.825250 0.157222 0.089000
120 0.053056 0.272250 0.105000 0.089500
