19 0.238125 0.739444 0.071750 0.073333
16 0.560875 0.679444 0.056250 0.072222
76 0.619500 0.672500 0.054000 0.071667
18 0.732750 0.668889 0.066500 0.087778
20 0.859875 0.675556 0.058750 0.095556
19 0.310500 0.740556 0.071500 0.066667
19 0.234250 0.672778 0.068000 0.060000
16 0.502875 0.737222 0.056250 0.073333
16 0.561750 0.745556 0.052000 0.060000
16 0.442875 0.697500 0.058250 0.072778
76 0.674000 0.672222 0.052000 0.076667
76 0.616500 0.740833 0.053500 0.065000
76 0.668750 0.741667 0.051000 0.061111
18 0.797500 0.663056 0.065500 0.093889
18 0.725000 0.740833 0.059500 0.059444
18 0.786125 0.740833 0.057750 0.056111
19 0.454375 0.633611 0.046750 0.052778
155 0.098875 0.175833 0.101250 0.162778
24 0.187125 0.134167 0.071750 0.096111
24 0.263750 0.143333 0.074000 0.095556
24 0.191625 0.226944 0.076250 0.083889
24 0.268250 0.232222 0.073500 0.082222
24 0.186250 0.044722 0.073000 0.088333
24 0.263750 0.051667 0.075000 0.090000
24 0.342625 0.053333 0.071250 0.086667
24 0.337000 0.149444 0.069000 0.093333
24 0.342000 0.238333 0.073500 0.081111
24 0.484625 0.157222 0.068250 0.086667
24 0.488000 0.244444 0.066000 0.083333
24 0.410125 0.150833 0.070750 0.097222
24 0.414125 0.243056 0.069750 0.082778
156 0.561625 0.141111 0.069250 0.102222
156 0.557250 0.245833 0.069500 0.095000
156 0.634375 0.144167 0.070750 0.106111
156 0.628625 0.244444 0.070250 0.092222
156 0.699875 0.250833 0.072750 0.090556
156 0.706500 0.148333 0.072000 0.107778
156 0.779750 0.157500 0.069500 0.092778
156 0.848625 0.160556 0.066750 0.095556
156 0.837000 0.254722 0.064500 0.086111
156 0.770125 0.255000 0.068750 0.088889
157 0.946250 0.120833 0.101500 0.057222
157 0.927500 0.191111 0.098000 0.075556
157 0.927125 0.263333 0.106750 0.071111
158 0.152125 0.684167 0.095750 0.063889
158 0.059250 0.683889 0.094500 0.064444
159 0.138875 0.488056 0.103750 0.103889
146 0.226500 0.403889 0.077500 0.097778
146 0.230000 0.495556 0.071000 0.087778
146 0.303375 0.497778 0.072750 0.093333
146 0.301875 0.410000 0.072750 0.090000
146 0.376250 0.403611 0.074000 0.108333
146 0.378125 0.498333 0.071250 0.095556
160 0.461000 0.491389 0.086000 0.107222
160 0.547125 0.498056 0.084750 0.092778
161 0.620875 0.416944 0.064250 0.086111
161 0.623375 0.503333 0.063750 0.084444
161 0.687500 0.505833 0.062500 0.088333
161 0.758500 0.427778 0.069500 0.084444
161 0.751500 0.510278 0.062500 0.079444
161 0.829250 0.434722 0.063000 0.083889
161 0.813375 0.513889 0.062250 0.075556
162 0.912875 0.456111 0.099250 0.078889
162 0.898125 0.519444 0.107750 0.053333
161 0.688125 0.411111 0.061750 0.091111
159 0.039250 0.380833 0.078000 0.108333
159 0.043375 0.488056 0.086250 0.101667
